{
    "fl_x": 3295.73410268947,
    "fl_y": 3298.904174265213,
    "cx": 2042.4716478570065,
    "cy": 1492.9070336931138,
    "w": 4032,
    "h": 3024,
    "camera_model": "OPENCV",
    "k1": 0.14028011832971854,
    "k2": -0.380817257643892,
    "p1": -0.0018263483510210963,
    "p2": 0.003126457467983935,
    "frames": [
        {
            "file_path": "images/frame_00055.jpg",
            "transform_matrix": [
                [
                    0.041881980871711404,
                    -0.9954128336306793,
                    -0.08601854638159977,
                    -3.1198227477884464
                ],
                [
                    0.9860601127030095,
                    0.02730485314980398,
                    0.1641337842450355,
                    0.41744520101951954
                ],
                [
                    -0.16103215149276814,
                    -0.09169370555174151,
                    0.9826804722532144,
                    0.753377079345312
                ],
                [
                    0.0,
                    0.0,
                    0.0,
                    1.0
                ]
            ]
        },
        {
            "file_path": "images/frame_00054.jpg",
            "transform_matrix": [
                [
                    0.017557901198088515,
                    -0.9997867084262466,
                    -0.010874638372362584,
                    -1.6020111065775748
                ],
                [
                    0.9902666125381149,
                    0.01588671409108131,
                    0.13827381678277198,
                    0.26115831100517367
                ],
                [
                    -0.13807156187211586,
                    -0.013196589316930997,
                    0.9903343343702644,
                    0.6620379349200783
                ],
                [
                    0.0,
                    0.0,
                    0.0,
                    1.0
                ]
            ]
        },
        {
            "file_path": "images/frame_00053.jpg",
            "transform_matrix": [
                [
                    -0.018484735517868663,
                    -0.9998077031469257,
                    0.006547616429168856,
                    -0.17052296348159574
                ],
                [
                    0.9909440107988826,
                    -0.017448962331065396,
                    0.13313715174733634,
                    0.15289190392578708
                ],
                [
                    -0.13299730077959718,
                    0.008949326323145101,
                    0.9910759948377839,
                    0.7400695825907104
                ],
                [
                    0.0,
                    0.0,
                    0.0,
                    1.0
                ]
            ]
        },
        {
            "file_path": "images/frame_00052.jpg",
            "transform_matrix": [
                [
                    -0.029399801191195177,
                    -0.9880328321474601,
                    0.15141589840101763,
                    2.9448972627510184
                ],
                [
                    0.990509567910874,
                    -0.008450101670799615,
                    0.13718378788605864,
                    0.43723746629648097
                ],
                [
                    -0.13426260673371485,
                    0.15401207219053398,
                    0.9789044049613045,
                    0.5839442610984659
                ],
                [
                    0.0,
                    0.0,
                    0.0,
                    1.0
                ]
            ]
        },
        {
            "file_path": "images/frame_00051.jpg",
            "transform_matrix": [
                [
                    -0.05569646508333169,
                    -0.984171760485358,
                    0.16823747989188523,
                    4.0926669288238795
                ],
                [
                    0.9879762164520351,
                    -0.02998474225498335,
                    0.15167040237641513,
                    0.4346282394477424
                ],
                [
                    -0.1442251694481329,
                    0.17466213411914297,
                    0.9740083364132998,
                    0.943292766975175
                ],
                [
                    0.0,
                    0.0,
                    0.0,
                    1.0
                ]
            ]
        },
        {
            "file_path": "images/frame_00049.jpg",
            "transform_matrix": [
                [
                    -0.0420861021150055,
                    -0.9820117901658161,
                    0.1840695628942886,
                    4.249524819442064
                ],
                [
                    0.9907173925431723,
                    -0.01718325282481007,
                    0.1348472615028443,
                    -0.4980237104794363
                ],
                [
                    -0.1292586868308012,
                    0.1880361130147286,
                    0.9736193363327832,
                    1.6511574468417538
                ],
                [
                    0.0,
                    0.0,
                    0.0,
                    1.0
                ]
            ]
        },
        {
            "file_path": "images/frame_00050.jpg",
            "transform_matrix": [
                [
                    -0.03858837874620431,
                    -0.9804219887011236,
                    0.19308977470874306,
                    4.386490200833101
                ],
                [
                    0.9887053327153387,
                    -0.009456492082760707,
                    0.14957386074357998,
                    0.16322642287662237
                ],
                [
                    -0.14481955008213035,
                    0.1966807027362429,
                    0.9697133592382788,
                    1.207196344941533
                ],
                [
                    0.0,
                    0.0,
                    0.0,
                    1.0
                ]
            ]
        },
        {
            "file_path": "images/frame_00044.jpg",
            "transform_matrix": [
                [
                    0.061202949305263626,
                    -0.9972765598573136,
                    -0.04115412683437264,
                    -1.7477943930311728
                ],
                [
                    0.9920888601198458,
                    0.05625329636247496,
                    0.11222860720182133,
                    -0.5173408788997329
                ],
                [
                    -0.10960790401445723,
                    -0.04769727253751371,
                    0.9928298331386097,
                    0.9988299660778953
                ],
                [
                    0.0,
                    0.0,
                    0.0,
                    1.0
                ]
            ]
        },
        {
            "file_path": "images/frame_00042.jpg",
            "transform_matrix": [
                [
                    0.030980964634631566,
                    -0.9904365937629219,
                    -0.13444528093469177,
                    -3.601175099232088
                ],
                [
                    0.995906131249525,
                    0.019160556434264116,
                    0.08833940692993741,
                    -0.6400570532844928
                ],
                [
                    -0.08491853490205423,
                    -0.1366317196423651,
                    0.986975488863659,
                    0.4001851992277254
                ],
                [
                    0.0,
                    0.0,
                    0.0,
                    1.0
                ]
            ]
        },
        {
            "file_path": "images/frame_00048.jpg",
            "transform_matrix": [
                [
                    -0.0753836887473936,
                    -0.9796511467508453,
                    0.1860132525939748,
                    3.4916154207328716
                ],
                [
                    0.9882980132513712,
                    -0.048595217766263174,
                    0.14458748844088135,
                    -0.5592056674911214
                ],
                [
                    -0.13260594433971887,
                    0.19473606620244555,
                    0.9718505687839918,
                    1.5969972604616867
                ],
                [
                    0.0,
                    0.0,
                    0.0,
                    1.0
                ]
            ]
        },
        {
            "file_path": "images/frame_00041.jpg",
            "transform_matrix": [
                [
                    0.032939497822552406,
                    -0.9881934957669334,
                    -0.14962822062407125,
                    -3.6764331775895602
                ],
                [
                    0.9994556417862647,
                    0.032844804698663424,
                    0.003104658743280172,
                    -0.6689395285152705
                ],
                [
                    0.0018465061071207358,
                    -0.14964903517308198,
                    0.9887374558936068,
                    0.16370491623669117
                ],
                [
                    0.0,
                    0.0,
                    0.0,
                    1.0
                ]
            ]
        },
        {
            "file_path": "images/frame_00045.jpg",
            "transform_matrix": [
                [
                    0.0722676520508952,
                    -0.9973501350541046,
                    0.008372250271584837,
                    -0.8269351174141313
                ],
                [
                    0.9932121681906184,
                    0.07272982021989846,
                    0.09077423758353532,
                    -0.5463131520356501
                ],
                [
                    -0.0911426103704607,
                    0.001755379828003041,
                    0.9958363034236691,
                    1.2559031745783111
                ],
                [
                    0.0,
                    0.0,
                    0.0,
                    1.0
                ]
            ]
        },
        {
            "file_path": "images/frame_00046.jpg",
            "transform_matrix": [
                [
                    -0.03046614545610451,
                    -0.9975654822732958,
                    0.06272896107775564,
                    1.0746995963745294
                ],
                [
                    0.9952145933259445,
                    -0.024445314230914804,
                    0.09460623575233712,
                    -0.6778454105739877
                ],
                [
                    -0.09284248602941672,
                    0.0653110648282428,
                    0.9935364802556969,
                    1.419243416226405
                ],
                [
                    0.0,
                    0.0,
                    0.0,
                    1.0
                ]
            ]
        },
        {
            "file_path": "images/frame_00037.jpg",
            "transform_matrix": [
                [
                    0.06811322567227228,
                    -0.9872055507637548,
                    -0.1441727749256064,
                    -4.599338409981694
                ],
                [
                    0.9964999557840252,
                    0.06029946487816343,
                    0.05789484137505599,
                    -1.1331133401107982
                ],
                [
                    -0.04846056758802841,
                    -0.14761156823446658,
                    0.9878574787449896,
                    0.38157862717014623
                ],
                [
                    0.0,
                    0.0,
                    0.0,
                    1.0
                ]
            ]
        },
        {
            "file_path": "images/frame_00047.jpg",
            "transform_matrix": [
                [
                    -0.030892810584697037,
                    -0.9932720031889365,
                    0.11160807289446108,
                    2.3621864053891253
                ],
                [
                    0.9953392439642089,
                    -0.020365620272030142,
                    0.09426044205122525,
                    -0.719334833089641
                ],
                [
                    -0.09135329046583351,
                    0.11399986487699351,
                    0.9892717559543951,
                    1.3191409939888306
                ],
                [
                    0.0,
                    0.0,
                    0.0,
                    1.0
                ]
            ]
        },
        {
            "file_path": "images/frame_00040.jpg",
            "transform_matrix": [
                [
                    0.02110054324757625,
                    -0.9823647468347543,
                    -0.18578016915415507,
                    -3.7316084363881523
                ],
                [
                    0.9995869340803292,
                    0.017102491245251712,
                    0.02309688310342934,
                    -1.543490443907874
                ],
                [
                    -0.019512260006071955,
                    -0.18619078647853488,
                    0.9823198372933125,
                    0.36435153581886504
                ],
                [
                    0.0,
                    0.0,
                    0.0,
                    1.0
                ]
            ]
        },
        {
            "file_path": "images/frame_00043.jpg",
            "transform_matrix": [
                [
                    0.03610616267638275,
                    -0.9905946861285659,
                    -0.13197921363091306,
                    -2.2605685902426154
                ],
                [
                    0.9946439443182397,
                    0.022822675739028627,
                    0.10080947129692493,
                    -0.5120377642557906
                ],
                [
                    -0.09684920778117376,
                    -0.13491216878383785,
                    0.9861130450745493,
                    0.5230238773544073
                ],
                [
                    0.0,
                    0.0,
                    0.0,
                    1.0
                ]
            ]
        },
        {
            "file_path": "images/frame_00039.jpg",
            "transform_matrix": [
                [
                    0.023426038579252607,
                    -0.987125121382712,
                    -0.15822520485576796,
                    -4.160394342408937
                ],
                [
                    0.9995755979787104,
                    0.020385973282276412,
                    0.02080951750612893,
                    -1.4954782870624685
                ],
                [
                    -0.017316022695380785,
                    -0.15864553831892245,
                    0.9871837460825176,
                    0.3668378092432668
                ],
                [
                    0.0,
                    0.0,
                    0.0,
                    1.0
                ]
            ]
        },
        {
            "file_path": "images/frame_00038.jpg",
            "transform_matrix": [
                [
                    0.04573373747738323,
                    -0.9894214206766477,
                    -0.1376723558400661,
                    -4.374930004527589
                ],
                [
                    0.9967051848664694,
                    0.035953851455353895,
                    0.07270553641796106,
                    -1.9052869979351366
                ],
                [
                    -0.06698656370233441,
                    -0.1405438467942668,
                    0.987805764010123,
                    0.8882491214442121
                ],
                [
                    0.0,
                    0.0,
                    0.0,
                    1.0
                ]
            ]
        },
        {
            "file_path": "images/frame_00035.jpg",
            "transform_matrix": [
                [
                    -0.014664572727797887,
                    -0.9981802112401493,
                    -0.058491163394841346,
                    -1.6752696068735884
                ],
                [
                    0.9975134521830142,
                    -0.018637512204977214,
                    0.06796731459116583,
                    -1.1683728846943486
                ],
                [
                    -0.06893375820769028,
                    -0.057349010692253684,
                    0.9959714995681269,
                    -0.04938263460125822
                ],
                [
                    0.0,
                    0.0,
                    0.0,
                    1.0
                ]
            ]
        },
        {
            "file_path": "images/frame_00034.jpg",
            "transform_matrix": [
                [
                    -0.014414689752286266,
                    -0.9998811686149878,
                    0.005464921634527477,
                    -0.4060810726136392
                ],
                [
                    0.9986458715007092,
                    -0.014123222629948669,
                    0.05006953082598077,
                    -1.1394560321857403
                ],
                [
                    -0.049986398689386154,
                    0.0061792581812948185,
                    0.9987307829011755,
                    -0.09487356489093633
                ],
                [
                    0.0,
                    0.0,
                    0.0,
                    1.0
                ]
            ]
        },
        {
            "file_path": "images/frame_00036.jpg",
            "transform_matrix": [
                [
                    0.025332189573882835,
                    -0.9940200780193676,
                    -0.106218476103562,
                    -3.468012528701882
                ],
                [
                    0.9973413429661876,
                    0.017867675733497776,
                    0.07064695162767928,
                    -1.1937354202986759
                ],
                [
                    -0.06832661108085154,
                    -0.10772571957639772,
                    0.9918299468961165,
                    0.34752673457405425
                ],
                [
                    0.0,
                    0.0,
                    0.0,
                    1.0
                ]
            ]
        },
        {
            "file_path": "images/frame_00033.jpg",
            "transform_matrix": [
                [
                    -0.024286001985980077,
                    -0.9995643632501143,
                    0.01677122022782789,
                    0.9650750175644396
                ],
                [
                    0.9985167698870162,
                    -0.02343600527050771,
                    0.04914279104161892,
                    -1.0455223975660048
                ],
                [
                    -0.04872833223019703,
                    0.017939826569787855,
                    0.9986509461572194,
                    -0.02628996160744096
                ],
                [
                    0.0,
                    0.0,
                    0.0,
                    1.0
                ]
            ]
        },
        {
            "file_path": "images/frame_00027.jpg",
            "transform_matrix": [
                [
                    -0.001173094637828885,
                    -0.9947928657792494,
                    0.10191063753936003,
                    2.8634810663631365
                ],
                [
                    0.995294754392426,
                    0.00871227220545568,
                    0.09650102689577271,
                    -0.676551886513432
                ],
                [
                    -0.09688640631116062,
                    0.1015443277969093,
                    0.990101900697288,
                    -0.0729420977426414
                ],
                [
                    0.0,
                    0.0,
                    0.0,
                    1.0
                ]
            ]
        },
        {
            "file_path": "images/frame_00024.jpg",
            "transform_matrix": [
                [
                    0.003940877737424702,
                    -0.9996961160943593,
                    -0.02433402861245633,
                    -0.060241646040065586
                ],
                [
                    0.9923485731072175,
                    0.000906610760346262,
                    0.123464519231229,
                    0.33017362030280545
                ],
                [
                    -0.12340493885873434,
                    -0.02463439714672144,
                    0.9920505871892268,
                    -0.05034193622803186
                ],
                [
                    0.0,
                    0.0,
                    0.0,
                    1.0
                ]
            ]
        },
        {
            "file_path": "images/frame_00023.jpg",
            "transform_matrix": [
                [
                    -0.04323847098046873,
                    -0.9990121795332503,
                    -0.010251817960551517,
                    -1.0942262043961501
                ],
                [
                    0.9887649245561746,
                    -0.04426011738268384,
                    0.14277592926222993,
                    0.9374901888380812
                ],
                [
                    -0.14308863894346535,
                    -0.003963225138213976,
                    0.989701942127937,
                    -0.8203272020102513
                ],
                [
                    0.0,
                    0.0,
                    0.0,
                    1.0
                ]
            ]
        },
        {
            "file_path": "images/frame_00006.jpg",
            "transform_matrix": [
                [
                    -0.004298101267007183,
                    -0.995729640429072,
                    -0.09221718655700574,
                    -6.11070068026475
                ],
                [
                    0.9903045311275618,
                    -0.017042638101581804,
                    0.13786400587085235,
                    0.679361156977184
                ],
                [
                    -0.13884690113113238,
                    -0.09073054423693028,
                    0.9861488256793455,
                    -2.305166955314346
                ],
                [
                    0.0,
                    0.0,
                    0.0,
                    1.0
                ]
            ]
        },
        {
            "file_path": "images/frame_00015.jpg",
            "transform_matrix": [
                [
                    -0.069465204952655,
                    -0.9884245275560944,
                    0.13487601204957497,
                    3.951022158955105
                ],
                [
                    0.9225048450183025,
                    -0.012188857935350631,
                    0.3857930049391632,
                    4.426025123787183
                ],
                [
                    -0.3796832840916795,
                    0.1512229647498795,
                    0.9126731171200418,
                    -1.3570665165356637
                ],
                [
                    0.0,
                    0.0,
                    0.0,
                    1.0
                ]
            ]
        },
        {
            "file_path": "images/frame_00011.jpg",
            "transform_matrix": [
                [
                    0.038788120478475935,
                    -0.999204860328312,
                    -0.009226527300453473,
                    0.8179650571391673
                ],
                [
                    0.9827394396779241,
                    0.03647426001418075,
                    0.18136378375502063,
                    1.2574439803177446
                ],
                [
                    -0.18088304345976486,
                    -0.016102032564142707,
                    0.983372792554297,
                    -0.7026101523062268
                ],
                [
                    0.0,
                    0.0,
                    0.0,
                    1.0
                ]
            ]
        },
        {
            "file_path": "images/frame_00010.jpg",
            "transform_matrix": [
                [
                    0.020994235671462573,
                    -0.9909070734695608,
                    0.1329000143587712,
                    3.4072763596528293
                ],
                [
                    0.9850803220088216,
                    0.04321263397456035,
                    0.16658159398918349,
                    1.147904359163579
                ],
                [
                    -0.17080983946941575,
                    0.12741993569677848,
                    0.9770302752358604,
                    -0.796539544613316
                ],
                [
                    0.0,
                    0.0,
                    0.0,
                    1.0
                ]
            ]
        },
        {
            "file_path": "images/frame_00007.jpg",
            "transform_matrix": [
                [
                    0.051964406660847326,
                    -0.9903825772450457,
                    -0.12822656171732655,
                    -3.9914296051118305
                ],
                [
                    0.9905422811783934,
                    0.03478874281217774,
                    0.13272427272904175,
                    0.2785298512859175
                ],
                [
                    -0.12698696641108878,
                    -0.13391076903299978,
                    0.9828235936823555,
                    -0.3809084053608404
                ],
                [
                    0.0,
                    0.0,
                    0.0,
                    1.0
                ]
            ]
        },
        {
            "file_path": "images/frame_00001.jpg",
            "transform_matrix": [
                [
                    0.03552673752952839,
                    -0.9993598754785576,
                    -0.004205972419048293,
                    0.4611950352451498
                ],
                [
                    0.9646051567563543,
                    0.0331902317707249,
                    0.26160141451080715,
                    1.9568382992640143
                ],
                [
                    -0.2612943598311253,
                    -0.013350947475267782,
                    0.9651668299946674,
                    -0.6635618675980217
                ],
                [
                    0.0,
                    0.0,
                    0.0,
                    1.0
                ]
            ]
        },
        {
            "file_path": "images/frame_00002.jpg",
            "transform_matrix": [
                [
                    0.011060665447064303,
                    -0.9955172361266885,
                    0.09393132733304325,
                    2.6860465849188064
                ],
                [
                    0.964000550139099,
                    0.035573787144050024,
                    0.2635098575001406,
                    1.8262886224937713
                ],
                [
                    -0.2656700980753813,
                    0.08763525684853685,
                    0.9600726330573683,
                    -0.6082594136687507
                ],
                [
                    0.0,
                    0.0,
                    0.0,
                    1.0
                ]
            ]
        },
        {
            "file_path": "images/frame_00016.jpg",
            "transform_matrix": [
                [
                    -0.048626949907168565,
                    -0.9830332465102384,
                    0.1768645131117785,
                    4.9148485040279715
                ],
                [
                    0.9120277253396161,
                    0.028496245007533824,
                    0.40913737574599146,
                    4.400508747900793
                ],
                [
                    -0.4072356172470328,
                    0.18120044226218476,
                    0.895167890269427,
                    -1.3967209525066318
                ],
                [
                    0.0,
                    0.0,
                    0.0,
                    1.0
                ]
            ]
        },
        {
            "file_path": "images/frame_00012.jpg",
            "transform_matrix": [
                [
                    0.03565886763015099,
                    -0.9992347929056741,
                    -0.01607089935535333,
                    0.06213136242297226
                ],
                [
                    0.9993482032082569,
                    0.03574416796001527,
                    -0.005052049215403502,
                    -2.5157272307003695
                ],
                [
                    0.005622624277329242,
                    -0.01588027404048,
                    0.9998580914272961,
                    0.43276864629811446
                ],
                [
                    0.0,
                    0.0,
                    0.0,
                    1.0
                ]
            ]
        },
        {
            "file_path": "images/frame_00009.jpg",
            "transform_matrix": [
                [
                    0.03615236982986523,
                    -0.960774715072974,
                    0.27496354855167693,
                    6.962452492846846
                ],
                [
                    0.9788399838603683,
                    0.08949620909173683,
                    0.1840182451672714,
                    1.0758560557616856
                ],
                [
                    -0.20140827230260067,
                    0.262492619771783,
                    0.9436802066449352,
                    -1.407615728073727
                ],
                [
                    0.0,
                    0.0,
                    0.0,
                    1.0
                ]
            ]
        },
        {
            "file_path": "images/frame_00008.jpg",
            "transform_matrix": [
                [
                    0.011218577233880322,
                    -0.9679737135464204,
                    0.2508007843049941,
                    6.128433886617834
                ],
                [
                    0.976541514132571,
                    0.06454406058444538,
                    0.20542817581562925,
                    1.2868274732041636
                ],
                [
                    -0.21503677522812956,
                    0.24261276579443253,
                    0.9459906083958036,
                    -0.6081101073361841
                ],
                [
                    0.0,
                    0.0,
                    0.0,
                    1.0
                ]
            ]
        },
        {
            "file_path": "images/frame_00004.jpg",
            "transform_matrix": [
                [
                    -0.027932914163595446,
                    -0.9913858416371362,
                    -0.12796040523441665,
                    -3.707327085869089
                ],
                [
                    0.9709676392757871,
                    -0.057333173542931,
                    0.23223856417636843,
                    2.259957784505699
                ],
                [
                    -0.2375744005265177,
                    -0.11775831271261944,
                    0.9642050528811507,
                    -1.571820173541604
                ],
                [
                    0.0,
                    0.0,
                    0.0,
                    1.0
                ]
            ]
        },
        {
            "file_path": "images/frame_00003.jpg",
            "transform_matrix": [
                [
                    0.011579120082569968,
                    -0.9997707146189555,
                    0.018012278268342136,
                    0.773398360240426
                ],
                [
                    0.9776246764111959,
                    0.01510272387528008,
                    0.20981396474842107,
                    1.6577073708226227
                ],
                [
                    -0.21003789193861674,
                    0.015179786620694328,
                    0.9775753976180722,
                    -1.4341176454295694
                ],
                [
                    0.0,
                    0.0,
                    0.0,
                    1.0
                ]
            ]
        },
        {
            "file_path": "images/frame_00005.jpg",
            "transform_matrix": [
                [
                    -0.005810334540826305,
                    -0.9999728503841977,
                    0.004531942963721473,
                    0.020787718663282675
                ],
                [
                    0.9993290255186501,
                    -0.005642581643551223,
                    0.03618922530727505,
                    -2.082543850879398
                ],
                [
                    -0.03616267092553506,
                    0.00473917365145049,
                    0.9993346794065705,
                    0.4556785847289545
                ],
                [
                    0.0,
                    0.0,
                    0.0,
                    1.0
                ]
            ]
        },
        {
            "file_path": "images/frame_00014.jpg",
            "transform_matrix": [
                [
                    -0.0755138122296359,
                    -0.9783395345009099,
                    -0.1927418465074208,
                    -5.260134027774295
                ],
                [
                    0.9885105584825611,
                    -0.09882996091389212,
                    0.11436570549886815,
                    -0.8462391621033382
                ],
                [
                    -0.1309371602374306,
                    -0.1818911599234592,
                    0.9745619867461771,
                    0.4093418658774699
                ],
                [
                    0.0,
                    0.0,
                    0.0,
                    1.0
                ]
            ]
        },
        {
            "file_path": "images/frame_00013.jpg",
            "transform_matrix": [
                [
                    -0.017226769299521744,
                    -0.9966260860890401,
                    -0.08024763514485808,
                    -1.5487531558865233
                ],
                [
                    0.9990955143407793,
                    -0.02027889374429284,
                    0.03737538886274146,
                    -2.1958406272245266
                ],
                [
                    -0.038876620784663266,
                    -0.07953119510826481,
                    0.99607399191075,
                    0.3331385913736613
                ],
                [
                    0.0,
                    0.0,
                    0.0,
                    1.0
                ]
            ]
        },
        {
            "file_path": "images/frame_00017.jpg",
            "transform_matrix": [
                [
                    -0.02047472039015797,
                    -0.9772203600235954,
                    0.2112371979086526,
                    4.773240181116415
                ],
                [
                    0.9017803554286676,
                    0.07318065089878781,
                    0.4259539680493371,
                    4.188094068267548
                ],
                [
                    -0.4317093656476435,
                    0.19921084380470902,
                    0.8797397702290859,
                    -1.300875684157545
                ],
                [
                    0.0,
                    0.0,
                    0.0,
                    1.0
                ]
            ]
        },
        {
            "file_path": "images/frame_00018.jpg",
            "transform_matrix": [
                [
                    0.01833026618417146,
                    -0.9973182019980475,
                    0.07085481850233556,
                    1.859786394670176
                ],
                [
                    0.9389856238919276,
                    0.04151598222494839,
                    0.341441680736528,
                    3.8880235816065505
                ],
                [
                    -0.34346761050484037,
                    0.060272939062893396,
                    0.937228453126993,
                    -1.157650214031569
                ],
                [
                    0.0,
                    0.0,
                    0.0,
                    1.0
                ]
            ]
        },
        {
            "file_path": "images/frame_00021.jpg",
            "transform_matrix": [
                [
                    -0.04305957753091004,
                    -0.9574056580856223,
                    -0.2855175627671548,
                    -5.523729302925116
                ],
                [
                    0.9487182064574682,
                    -0.12876756238525988,
                    0.2887086413903874,
                    2.4117952196360717
                ],
                [
                    -0.3131766873810766,
                    -0.2584440379327695,
                    0.9138528556272177,
                    -0.6166988772105498
                ],
                [
                    0.0,
                    0.0,
                    0.0,
                    1.0
                ]
            ]
        },
        {
            "file_path": "images/frame_00020.jpg",
            "transform_matrix": [
                [
                    -0.062087156236113376,
                    -0.962892245094048,
                    -0.2626475002132252,
                    -4.903529405671071
                ],
                [
                    0.9413778940441089,
                    -0.14392507426502799,
                    0.3051118378609462,
                    3.5654042085002327
                ],
                [
                    -0.33159138353641004,
                    -0.22830702427991537,
                    0.915381372450226,
                    -1.4946792563705056
                ],
                [
                    0.0,
                    0.0,
                    0.0,
                    1.0
                ]
            ]
        },
        {
            "file_path": "images/frame_00030.jpg",
            "transform_matrix": [
                [
                    -0.012267352866744281,
                    -0.9885367004871936,
                    0.15048157310293958,
                    4.413655855877321
                ],
                [
                    0.9964335307008865,
