{
    "camera_angle_x": 0.6911112070083618,
    "frames": [
        {
            "file_path": "/data/stu219089/thesis/blender/renders_xy_+70-70_transparent_png/Camera_X_-70deg.png",
            "rotation": 0.012062166059728024,
            "transform_matrix": [
                [
                    1.0,
                    0.0,
                    0.0,
                    0.0
                ],
                [
                    0.0,
                    0.3420201539993286,
                    -0.9396926164627075,
                    -9.396925926208496
                ],
                [
                    0.0,
                    0.9396925568580627,
                    0.3420201539993286,
                    3.420201539993286
                ],
                [
                    0.0,
                    0.0,
                    0.0,
                    1.0
                ]
            ]
        },
        {
            "file_path": "/data/stu219089/thesis/blender/renders_xy_+70-70_transparent_png/Camera_X_-65deg.png",
            "rotation": 0.012062166059728024,
            "transform_matrix": [
                [
                    1.0,
                    0.0,
                    0.0,
                    0.0
                ],
                [
                    0.0,
                    0.4226182699203491,
                    -0.9063078165054321,
                    -9.063077926635742
                ],
                [
                    0.0,
                    0.9063078761100769,
                    0.42261824011802673,
                    4.226182460784912
                ],
                [
                    0.0,
                    0.0,
                    0.0,
                    1.0
                ]
            ]
        },
        {
            "file_path": "/data/stu219089/thesis/blender/renders_xy_+70-70_transparent_png/Camera_X_-60deg.png",
            "rotation": 0.012062166059728024,
            "transform_matrix": [
                [
                    1.0,
                    0.0,
                    0.0,
                    0.0
                ],
                [
                    0.0,
                    0.5,
                    -0.866025447845459,
                    -8.66025447845459
                ],
                [
                    0.0,
                    0.8660253882408142,
                    0.5,
                    5.0
                ],
                [
                    0.0,
                    0.0,
                    0.0,
                    1.0
                ]
            ]
        },
        {
            "file_path": "/data/stu219089/thesis/blender/renders_xy_+70-70_transparent_png/Camera_X_-55deg.png",
            "rotation": 0.012062166059728024,
            "transform_matrix": [
                [
                    1.0,
                    0.0,
                    0.0,
                    0.0
                ],
                [
                    0.0,
                    0.5735765099525452,
                    -0.8191520571708679,
                    -8.191520690917969
                ],
                [
                    0.0,
                    0.8191519975662231,
                    0.5735764503479004,
                    5.735764503479004
                ],
                [
                    0.0,
                    0.0,
                    0.0,
                    1.0
                ]
            ]
        },
        {
            "file_path": "/data/stu219089/thesis/blender/renders_xy_+70-70_transparent_png/Camera_X_-50deg.png",
            "rotation": 0.012062166059728024,
            "transform_matrix": [
                [
                    1.0,
                    0.0,
                    0.0,
                    0.0
                ],
                [
                    0.0,
                    0.6427876353263855,
                    -0.7660444378852844,
                    -7.660444259643555
                ],
                [
                    0.0,
                    0.7660443782806396,
                    0.6427876353263855,
                    6.427875995635986
                ],
                [
                    0.0,
                    0.0,
                    0.0,
                    1.0
                ]
            ]
        },
        {
            "file_path": "/data/stu219089/thesis/blender/renders_xy_+70-70_transparent_png/Camera_X_-45deg.png",
            "rotation": 0.012062166059728024,
            "transform_matrix": [
                [
                    1.0,
                    0.0,
                    0.0,
                    0.0
                ],
                [
                    0.0,
                    0.7071067690849304,
                    -0.7071067690849304,
                    -7.071067810058594
                ],
                [
                    0.0,
                    0.7071067690849304,
                    0.7071067690849304,
                    7.071067810058594
                ],
                [
                    0.0,
                    0.0,
                    0.0,
                    1.0
                ]
            ]
        },
        {
            "file_path": "/data/stu219089/thesis/blender/renders_xy_+70-70_transparent_png/Camera_X_-40deg.png",
            "rotation": 0.012062166059728024,
            "transform_matrix": [
                [
                    1.0,
                    0.0,
                    0.0,
                    0.0
                ],
                [
                    0.0,
                    0.7660444378852844,
                    -0.6427876353263855,
                    -6.427875995635986
                ],
                [
                    0.0,
                    0.6427876353263855,
                    0.7660444378852844,
                    7.660444259643555
                ],
                [
                    0.0,
                    0.0,
                    0.0,
                    1.0
                ]
            ]
        },
        {
            "file_path": "/data/stu219089/thesis/blender/renders_xy_+70-70_transparent_png/Camera_X_-35deg.png",
            "rotation": 0.012062166059728024,
            "transform_matrix": [
                [
                    1.0,
                    0.0,
                    0.0,
                    0.0
                ],
                [
                    0.0,
                    0.8191520571708679,
                    -0.5735764503479004,
                    -5.735764503479004
                ],
                [
                    0.0,
                    0.5735763907432556,
                    0.8191520571708679,
                    8.191520690917969
                ],
                [
                    0.0,
                    0.0,
                    0.0,
                    1.0
                ]
            ]
        },
        {
            "file_path": "/data/stu219089/thesis/blender/renders_xy_+70-70_transparent_png/Camera_X_-30deg.png",
            "rotation": 0.012062166059728024,
            "transform_matrix": [
                [
                    1.0,
                    0.0,
                    0.0,
                    0.0
                ],
                [
                    0.0,
                    0.8660255670547485,
                    -0.5,
                    -5.0
                ],
                [
                    0.0,
                    0.4999999403953552,
                    0.866025447845459,
                    8.66025447845459
                ],
                [
                    0.0,
                    0.0,
                    0.0,
                    1.0
                ]
            ]
        },
        {
            "file_path": "/data/stu219089/thesis/blender/renders_xy_+70-70_transparent_png/Camera_X_-25deg.png",
            "rotation": 0.012062166059728024,
            "transform_matrix": [
                [
                    1.0,
                    0.0,
                    0.0,
                    0.0
                ],
                [
                    0.0,
                    0.9063078165054321,
                    -0.42261824011802673,
                    -4.226182460784912
                ],
                [
                    0.0,
                    0.42261818051338196,
                    0.9063078165054321,
                    9.063077926635742
                ],
                [
                    0.0,
                    0.0,
                    0.0,
                    1.0
                ]
            ]
        },
        {
            "file_path": "/data/stu219089/thesis/blender/renders_xy_+70-70_transparent_png/Camera_X_-20deg.png",
            "rotation": 0.012062166059728024,
            "transform_matrix": [
                [
                    1.0,
                    0.0,
                    0.0,
                    0.0
                ],
                [
                    0.0,
                    0.9396925568580627,
                    -0.3420201539993286,
                    -3.420201539993286
                ],
                [
                    0.0,
                    0.342020183801651,
                    0.9396926164627075,
                    9.396925926208496
                ],
                [
                    0.0,
                    0.0,
                    0.0,
                    1.0
                ]
            ]
        },
        {
            "file_path": "/data/stu219089/thesis/blender/renders_xy_+70-70_transparent_png/Camera_X_-15deg.png",
            "rotation": 0.012062166059728024,
            "transform_matrix": [
                [
                    1.0,
                    0.0,
                    0.0,
                    0.0
                ],
                [
                    0.0,
                    0.9659257531166077,
                    -0.2588190734386444,
                    -2.5881905555725098
                ],
                [
                    0.0,
                    0.2588191330432892,
                    0.9659258127212524,
                    9.659257888793945
                ],
                [
                    0.0,
                    0.0,
                    0.0,
                    1.0
                ]
            ]
        },
        {
            "file_path": "/data/stu219089/thesis/blender/renders_xy_+70-70_transparent_png/Camera_X_-10deg.png",
            "rotation": 0.012062166059728024,
            "transform_matrix": [
                [
                    1.0,
                    0.0,
                    0.0,
                    0.0
                ],
                [
                    0.0,
                    0.9848077893257141,
                    -0.1736481785774231,
                    -1.736481785774231
                ],
                [
                    0.0,
                    0.17364785075187683,
                    0.9848077893257141,
                    9.848077774047852
                ],
                [
                    0.0,
                    0.0,
                    0.0,
                    1.0
                ]
            ]
        },
        {
            "file_path": "/data/stu219089/thesis/blender/renders_xy_+70-70_transparent_png/Camera_X_-5deg.png",
            "rotation": 0.012062166059728024,
            "transform_matrix": [
                [
                    1.0,
                    0.0,
                    0.0,
                    0.0
                ],
                [
                    0.0,
                    0.9961947798728943,
                    -0.08715574443340302,
                    -0.8715574145317078
                ],
                [
                    0.0,
                    0.08715520054101944,
                    0.9961947798728943,
                    9.961947441101074
                ],
                [
                    0.0,
                    0.0,
                    0.0,
                    1.0
                ]
            ]
        },
        {
            "file_path": "/data/stu219089/thesis/blender/renders_xy_+70-70_transparent_png/Camera_X_0deg.png",
            "rotation": 0.012062166059728024,
            "transform_matrix": [
                [
                    1.0,
                    0.0,
                    0.0,
                    0.0
                ],
                [
                    0.0,
                    1.0,
                    0.0,
                    0.0
                ],
                [
                    0.0,
                    0.0,
                    1.0,
                    10.0
                ],
                [
                    0.0,
                    0.0,
                    0.0,
                    1.0
                ]
            ]
        },
        {
            "file_path": "/data/stu219089/thesis/blender/renders_xy_+70-70_transparent_png/Camera_X_5deg.png",
            "rotation": 0.012062166059728024,
            "transform_matrix": [
                [
                    -1.0,
                    0.0,
                    0.0,
                    0.0
                ],
                [
                    0.0,
                    -0.9961947798728943,
                    0.08715574443340302,
                    0.8715574145317078
                ],
                [
                    0.0,
                    0.08715520054101944,
                    0.9961947798728943,
                    9.961947441101074
                ],
                [
                    0.0,
                    0.0,
                    0.0,
                    1.0
                ]
            ]
        },
        {
            "file_path": "/data/stu219089/thesis/blender/renders_xy_+70-70_transparent_png/Camera_X_10deg.png",
            "rotation": 0.012062166059728024,
            "transform_matrix": [
                [
                    -1.0,
                    0.0,
                    0.0,
                    0.0
                ],
                [
                    0.0,
                    -0.9848077893257141,
                    0.1736481785774231,
                    1.736481785774231
                ],
                [
                    0.0,
                    0.17364785075187683,
                    0.9848077893257141,
                    9.848077774047852
                ],
                [
                    0.0,
                    0.0,
                    0.0,
                    1.0
                ]
            ]
        },
        {
            "file_path": "/data/stu219089/thesis/blender/renders_xy_+70-70_transparent_png/Camera_X_15deg.png",
            "rotation": 0.012062166059728024,
            "transform_matrix": [
                [
                    -1.0,
                    0.0,
                    0.0,
                    0.0
                ],
                [
                    0.0,
                    -0.9659257531166077,
                    0.2588190734386444,
                    2.5881905555725098
                ],
                [
                    0.0,
                    0.2588191330432892,
                    0.9659258127212524,
                    9.659257888793945
                ],
                [
                    0.0,
                    0.0,
                    0.0,
                    1.0
                ]
            ]
        },
        {
            "file_path": "/data/stu219089/thesis/blender/renders_xy_+70-70_transparent_png/Camera_X_20deg.png",
            "rotation": 0.012062166059728024,
            "transform_matrix": [
                [
                    -1.0,
                    0.0,
                    0.0,
                    0.0
                ],
                [
                    0.0,
                    -0.9396925568580627,
                    0.3420201539993286,
                    3.420201539993286
                ],
                [
                    0.0,
                    0.342020183801651,
                    0.9396926164627075,
                    9.396925926208496
                ],
                [
                    0.0,
                    0.0,
                    0.0,
                    1.0
                ]
            ]
        },
        {
            "file_path": "/data/stu219089/thesis/blender/renders_xy_+70-70_transparent_png/Camera_X_25deg.png",
            "rotation": 0.012062166059728024,
            "transform_matrix": [
                [
                    -1.0,
                    0.0,
                    0.0,
                    0.0
                ],
                [
                    0.0,
                    -0.9063078165054321,
                    0.42261824011802673,
                    4.226182460784912
                ],
                [
                    0.0,
                    0.42261818051338196,
                    0.9063078165054321,
                    9.063077926635742
                ],
                [
                    0.0,
                    0.0,
                    0.0,
                    1.0
                ]
            ]
        },
        {
            "file_path": "/data/stu219089/thesis/blender/renders_xy_+70-70_transparent_png/Camera_X_30deg.png",
            "rotation": 0.012062166059728024,
            "transform_matrix": [
                [
                    -1.0,
                    0.0,
                    0.0,
                    0.0
                ],
                [
                    0.0,
                    -0.8660255670547485,
                    0.5,
                    5.0
                ],
                [
                    0.0,
                    0.4999999403953552,
                    0.866025447845459,
                    8.66025447845459
                ],
                [
                    0.0,
                    0.0,
                    0.0,
                    1.0
                ]
            ]
        },
        {
            "file_path": "/data/stu219089/thesis/blender/renders_xy_+70-70_transparent_png/Camera_X_35deg.png",
            "rotation": 0.012062166059728024,
            "transform_matrix": [
                [
                    -1.0,
                    0.0,
                    0.0,
                    0.0
                ],
                [
                    0.0,
                    -0.8191520571708679,
                    0.5735764503479004,
                    5.735764503479004
                ],
                [
                    0.0,
                    0.5735763907432556,
                    0.8191520571708679,
                    8.191520690917969
                ],
                [
                    0.0,
                    0.0,
                    0.0,
                    1.0
                ]
            ]
        },
        {
            "file_path": "/data/stu219089/thesis/blender/renders_xy_+70-70_transparent_png/Camera_X_40deg.png",
            "rotation": 0.012062166059728024,
            "transform_matrix": [
                [
                    -1.0,
                    0.0,
                    0.0,
                    0.0
                ],
                [
                    0.0,
                    -0.7660444378852844,
                    0.6427876353263855,
                    6.427875995635986
                ],
                [
                    0.0,
                    0.6427876353263855,
                    0.7660444378852844,
                    7.660444259643555
                ],
                [
                    0.0,
                    0.0,
                    0.0,
                    1.0
                ]
            ]
        },
        {
            "file_path": "/data/stu219089/thesis/blender/renders_xy_+70-70_transparent_png/Camera_X_45deg.png",
            "rotation": 0.012062166059728024,
            "transform_matrix": [
                [
                    -1.0,
                    0.0,
                    0.0,
                    0.0
                ],
                [
                    0.0,
                    -0.7071067690849304,
                    0.7071067690849304,
                    7.071067810058594
                ],
                [
                    0.0,
                    0.7071067690849304,
                    0.7071067690849304,
                    7.071067810058594
                ],
                [
                    0.0,
                    0.0,
                    0.0,
                    1.0
                ]
            ]
        },
        {
            "file_path": "/data/stu219089/thesis/blender/renders_xy_+70-70_transparent_png/Camera_X_50deg.png",
            "rotation": 0.012062166059728024,
            "transform_matrix": [
                [
                    -1.0,
                    0.0,
                    0.0,
                    0.0
                ],
                [
                    0.0,
                    -0.6427876353263855,
                    0.7660444378852844,
                    7.660444259643555
                ],
                [
                    0.0,
                    0.7660443782806396,
                    0.6427876353263855,
                    6.427875995635986
                ],
                [
                    0.0,
                    0.0,
                    0.0,
                    1.0
                ]
            ]
        },
        {
            "file_path": "/data/stu219089/thesis/blender/renders_xy_+70-70_transparent_png/Camera_X_55deg.png",
            "rotation": 0.012062166059728024,
            "transform_matrix": [
                [
                    -1.0,
                    0.0,
                    0.0,
                    0.0
                ],
                [
                    0.0,
                    -0.5735765099525452,
                    0.8191520571708679,
                    8.191520690917969
                ],
                [
                    0.0,
                    0.8191519975662231,
                    0.5735764503479004,
                    5.735764503479004
                ],
                [
                    0.0,
                    0.0,
                    0.0,
                    1.0
                ]
            ]
        },
        {
            "file_path": "/data/stu219089/thesis/blender/renders_xy_+70-70_transparent_png/Camera_X_60deg.png",
            "rotation": 0.012062166059728024,
            "transform_matrix": [
                [
                    -1.0,
                    0.0,
                    0.0,
                    0.0
                ],
                [
                    0.0,
                    -0.5,
                    0.866025447845459,
                    8.66025447845459
                ],
                [
                    0.0,
                    0.8660253882408142,
                    0.5,
                    5.0
                ],
                [
                    0.0,
                    0.0,
                    0.0,
                    1.0
                ]
            ]
        },
        {
            "file_path": "/data/stu219089/thesis/blender/renders_xy_+70-70_transparent_png/Camera_X_65deg.png",
            "rotation": 0.012062166059728024,
            "transform_matrix": [
                [
                    -1.0,
                    0.0,
                    0.0,
                    0.0
                ],
                [
                    0.0,
                    -0.4226182699203491,
                    0.9063078165054321,
                    9.063077926635742
                ],
                [
                    0.0,
                    0.9063078761100769,
                    0.42261824011802673,
                    4.226182460784912
                ],
                [
                    0.0,
                    0.0,
                    0.0,
                    1.0
                ]
            ]
        },
        {
            "file_path": "/data/stu219089/thesis/blender/renders_xy_+70-70_transparent_png/Camera_X_70deg.png",
            "rotation": 0.012062166059728024,
            "transform_matrix": [
                [
                    -1.0,
                    0.0,
                    0.0,
                    0.0
                ],
                [
                    0.0,
                    -0.3420201539993286,
                    0.9396926164627075,
                    9.396925926208496
                ],
                [
                    0.0,
                    0.9396925568580627,
                    0.3420201539993286,
                    3.420201539993286
                ],
                [
                    0.0,
                    0.0,
                    0.0,
                    1.0
                ]
            ]
        },
        {
            "file_path": "/data/stu219089/thesis/blender/renders_xy_+70-70_transparent_png/Camera_Y_-70deg.png",
            "rotation": 0.012062166059728024,
            "transform_matrix": [
                [
                    0.0,
                    0.3420201539993286,
                    -0.9396926164627075,
                    -9.396925926208496
                ],
                [
                    -1.0,
                    0.0,
                    0.0,
                    0.0
                ],
                [
                    0.0,
                    0.9396925568580627,
                    0.3420201539993286,
                    3.420201539993286
                ],
                [
                    0.0,
                    0.0,
                    0.0,
                    1.0
                ]
            ]
        },
        {
            "file_path": "/data/stu219089/thesis/blender/renders_xy_+70-70_transparent_png/Camera_Y_-65deg.png",
            "rotation": 0.012062166059728024,
            "transform_matrix": [
                [
                    0.0,
                    0.4226182699203491,
                    -0.9063078165054321,
                    -9.063077926635742
                ],
                [
                    -1.0,
                    0.0,
                    0.0,
                    0.0
                ],
                [
                    0.0,
                    0.9063078761100769,
                    0.42261824011802673,
                    4.226182460784912
                ],
                [
                    0.0,
                    0.0,
                    0.0,
                    1.0
                ]
            ]
        },
        {
            "file_path": "/data/stu219089/thesis/blender/renders_xy_+70-70_transparent_png/Camera_Y_-60deg.png",
            "rotation": 0.012062166059728024,
            "transform_matrix": [
                [
                    0.0,
                    0.5,
                    -0.866025447845459,
                    -8.66025447845459
                ],
                [
                    -1.0,
                    0.0,
                    0.0,
                    0.0
                ],
                [
                    0.0,
                    0.8660253882408142,
                    0.5,
                    5.0
                ],
                [
                    0.0,
                    0.0,
                    0.0,
                    1.0
                ]
            ]
        },
        {
            "file_path": "/data/stu219089/thesis/blender/renders_xy_+70-70_transparent_png/Camera_Y_-55deg.png",
            "rotation": 0.012062166059728024,
            "transform_matrix": [
                [
                    0.0,
                    0.5735765099525452,
                    -0.8191520571708679,
                    -8.191520690917969
                ],
                [
                    -1.0,
                    0.0,
                    0.0,
                    0.0
                ],
                [
                    0.0,
                    0.8191519975662231,
                    0.5735764503479004,
                    5.735764503479004
                ],
                [
                    0.0,
                    0.0,
                    0.0,
                    1.0
                ]
            ]
        },
        {
            "file_path": "/data/stu219089/thesis/blender/renders_xy_+70-70_transparent_png/Camera_Y_-50deg.png",
            "rotation": 0.012062166059728024,
            "transform_matrix": [
                [
                    0.0,
                    0.6427876353263855,
                    -0.7660444378852844,
                    -7.660444259643555
                ],
                [
                    -1.0,
                    0.0,
                    0.0,
                    0.0
                ],
                [
                    0.0,
                    0.7660443782806396,
                    0.6427876353263855,
                    6.427875995635986
                ],
                [
                    0.0,
                    0.0,
                    0.0,
                    1.0
                ]
            ]
        },
        {
            "file_path": "/data/stu219089/thesis/blender/renders_xy_+70-70_transparent_png/Camera_Y_-45deg.png",
            "rotation": 0.012062166059728024,
            "transform_matrix": [
                [
                    0.0,
                    0.7071067690849304,
                    -0.7071067690849304,
                    -7.071067810058594
                ],
                [
                    -1.0,
                    0.0,
                    0.0,
                    0.0
                ],
                [
                    0.0,
                    0.7071067690849304,
                    0.7071067690849304,
                    7.071067810058594
                ],
                [
                    0.0,
                    0.0,
                    0.0,
                    1.0
                ]
            ]
        },
        {
            "file_path": "/data/stu219089/thesis/blender/renders_xy_+70-70_transparent_png/Camera_Y_-40deg.png",
            "rotation": 0.012062166059728024,
            "transform_matrix": [
                [
                    0.0,
                    0.7660444378852844,
                    -0.6427876353263855,
                    -6.427875995635986
                ],
                [
                    -1.0,
                    0.0,
                    0.0,
                    0.0
                ],
                [
                    0.0,
                    0.6427876353263855,
                    0.7660444378852844,
                    7.660444259643555
                ],
                [
                    0.0,
                    0.0,
                    0.0,
                    1.0
                ]
            ]
        },
        {
            "file_path": "/data/stu219089/thesis/blender/renders_xy_+70-70_transparent_png/Camera_Y_-35deg.png",
            "rotation": 0.012062166059728024,
            "transform_matrix": [
                [
                    0.0,
                    0.8191520571708679,
                    -0.5735764503479004,
                    -5.735764503479004
                ],
                [
                    -1.0,
                    0.0,
                    0.0,
                    0.0
                ],
                [
                    0.0,
                    0.5735763907432556,
                    0.8191520571708679,
                    8.191520690917969
                ],
                [
                    0.0,
                    0.0,
                    0.0,
                    1.0
                ]
            ]
        },
        {
            "file_path": "/data/stu219089/thesis/blender/renders_xy_+70-70_transparent_png/Camera_Y_-30deg.png",
            "rotation": 0.012062166059728024,
            "transform_matrix": [
                [
                    0.0,
                    0.8660255670547485,
                    -0.5,
                    -5.0
                ],
                [
                    -1.0,
                    0.0,
                    0.0,
                    0.0
                ],
                [
                    0.0,
                    0.4999999403953552,
                    0.866025447845459,
                    8.66025447845459
                ],
                [
                    0.0,
                    0.0,
                    0.0,
                    1.0
                ]
            ]
        },
        {
            "file_path": "/data/stu219089/thesis/blender/renders_xy_+70-70_transparent_png/Camera_Y_-25deg.png",
            "rotation": 0.012062166059728024,
            "transform_matrix": [
                [
                    0.0,
                    0.9063078165054321,
                    -0.42261824011802673,
                    -4.226182460784912
                ],
                [
                    -1.0,
                    0.0,
                    0.0,
                    0.0
                ],
                [
                    0.0,
                    0.42261818051338196,
                    0.9063078165054321,
                    9.063077926635742
                ],
                [
                    0.0,
                    0.0,
                    0.0,
                    1.0
                ]
            ]
        },
        {
            "file_path": "/data/stu219089/thesis/blender/renders_xy_+70-70_transparent_png/Camera_Y_-20deg.png",
            "rotation": 0.012062166059728024,
            "transform_matrix": [
                [
                    0.0,
                    0.9396925568580627,
                    -0.3420201539993286,
                    -3.420201539993286
                ],
                [
                    -1.0,
                    0.0,
                    0.0,
                    0.0
                ],
                [
                    0.0,
                    0.342020183801651,
                    0.9396926164627075,
                    9.396925926208496
                ],
                [
                    0.0,
                    0.0,
                    0.0,
                    1.0
                ]
            ]
        },
        {
            "file_path": "/data/stu219089/thesis/blender/renders_xy_+70-70_transparent_png/Camera_Y_-15deg.png",
            "rotation": 0.012062166059728024,
            "transform_matrix": [
                [
                    0.0,
                    0.9659257531166077,
                    -0.2588190734386444,
                    -2.5881905555725098
                ],
                [
                    -1.0,
                    0.0,
                    0.0,
                    0.0
                ],
                [
                    0.0,
                    0.2588191330432892,
                    0.9659258127212524,
                    9.659257888793945
                ],
                [
                    0.0,
                    0.0,
                    0.0,
                    1.0
                ]
            ]
        },
        {
            "file_path": "/data/stu219089/thesis/blender/renders_xy_+70-70_transparent_png/Camera_Y_-10deg.png",
            "rotation": 0.012062166059728024,
            "transform_matrix": [
                [
                    0.0,
                    0.9848077893257141,
                    -0.1736481785774231,
                    -1.736481785774231
                ],
                [
                    -1.0,
                    0.0,
                    0.0,
                    0.0
                ],
                [
                    0.0,
                    0.17364785075187683,
                    0.9848077893257141,
                    9.848077774047852
                ],
                [
                    0.0,
                    0.0,
                    0.0,
                    1.0
                ]
            ]
        },
        {
            "file_path": "/data/stu219089/thesis/blender/renders_xy_+70-70_transparent_png/Camera_Y_-5deg.png",
            "rotation": 0.012062166059728024,
            "transform_matrix": [
                [
                    0.0,
                    0.9961947798728943,
                    -0.08715574443340302,
                    -0.8715574145317078
                ],
                [
                    -1.0,
                    0.0,
                    0.0,
                    0.0
                ],
                [
                    0.0,
                    0.08715520054101944,
                    0.9961947798728943,
                    9.961947441101074
                ],
                [
                    0.0,
                    0.0,
                    0.0,
                    1.0
                ]
            ]
        },
        {
            "file_path": "/data/stu219089/thesis/blender/renders_xy_+70-70_transparent_png/Camera_Y_0deg.png",
            "rotation": 0.012062166059728024,
            "transform_matrix": [
                [
                    1.0,
                    0.0,
                    0.0,
                    0.0
                ],
                [
                    0.0,
                    1.0,
                    0.0,
                    0.0
                ],
                [
                    0.0,
                    0.0,
                    1.0,
                    10.0
                ],
                [
                    0.0,
                    0.0,
                    0.0,
                    1.0
                ]
            ]
        },
        {
            "file_path": "/data/stu219089/thesis/blender/renders_xy_+70-70_transparent_png/Camera_Y_5deg.png",
            "rotation": 0.012062166059728024,
            "transform_matrix": [
                [
                    0.0,
                    -0.9961947798728943,
                    0.08715574443340302,
                    0.8715574145317078
                ],
                [
                    1.0,
                    0.0,
                    0.0,
                    0.0
                ],
                [
                    0.0,
                    0.08715520054101944,
                    0.9961947798728943,
                    9.961947441101074
                ],
                [
                    0.0,
                    0.0,
                    0.0,
                    1.0
                ]
            ]
        },
        {
            "file_path": "/data/stu219089/thesis/blender/renders_xy_+70-70_transparent_png/Camera_Y_10deg.png",
            "rotation": 0.012062166059728024,
            "transform_matrix": [
                [
                    0.0,
                    -0.9848077893257141,
                    0.1736481785774231,
                    1.736481785774231
                ],
                [
                    1.0,
                    0.0,
                    0.0,
                    0.0
                ],
                [
                    0.0,
                    0.17364785075187683,
                    0.9848077893257141,
                    9.848077774047852
                ],
                [
                    0.0,
                    0.0,
                    0.0,
                    1.0
                ]
            ]
        },
        {
            "file_path": "/data/stu219089/thesis/blender/renders_xy_+70-70_transparent_png/Camera_Y_15deg.png",
            "rotation": 0.012062166059728024,
            "transform_matrix": [
                [
                    0.0,
                    -0.9659257531166077,
                    0.2588190734386444,
                    2.5881905555725098
                ],
                [
                    1.0,
                    0.0,
                    0.0,
                    0.0
                ],
                [
                    0.0,
                    0.2588191330432892,
                    0.9659258127212524,
                    9.659257888793945
                ],
                [
