{
  "fl_x": 1147.1526990016812,
  "fl_y": 1158.8252259026597,
  "k1": -0.013472197525381842,
  "k2": 0.007509466554079491,
  "p1": -0.0011800209664517077,
  "p2": 0.01116939407701522,
  "cx": 540.0,
  "cy": 960.0,
  "w": 1080,
  "h": 1920,
  "aabb_scale": 16,
  "frames": [
    {
      "file_path": "./images/frame_00001.png",
      "transform_matrix": [
        [
          0.32316911338447335, -0.8052290294881217, -0.4971598678734143,
          -0.7282161659858809
        ],
        [
          -0.43978339113907267, 0.33738608648128665, -0.8323227724429142,
          -2.7487404236023076
        ],
        [
          0.8379452804524355, 0.48762366505170673, -0.24509359079549578,
          -2.1384913608645126
        ],
        [0.0, 0.0, 0.0, 1.0]
      ]
    },
    {
      "file_path": "./images/frame_00004.png",
      "transform_matrix": [
        [
          0.27957346018561896, -0.7588883546911335, -0.5881557153288784,
          -0.9229457870819726
        ],
        [
          -0.5448773164274257, 0.3789756685465806, -0.7479880698864916,
          -2.357780163614366
        ],
        [
          0.7905361411110101, 0.5295903206855813, -0.30754951119040325,
          -2.474339941200818
        ],
        [0.0, 0.0, 0.0, 1.0]
      ]
    },
    {
      "file_path": "./images/frame_00005.png",
      "transform_matrix": [
        [
          0.2650056521468336, -0.7463203339284143, -0.6105554548894079,
          -0.983893515595073
        ],
        [
          -0.5638754335213413, 0.39369410679437067, -0.7259817117162811,
          -2.299822581373006
        ],
        [
          0.7821869979751327, 0.5366664787746324, -0.3165005383222694,
          -2.582032136232789
        ],
        [0.0, 0.0, 0.0, 1.0]
      ]
    },
    {
      "file_path": "./images/frame_00003.png",
      "transform_matrix": [
        [
          0.2978158425814289, -0.777450792104195, -0.5539638885018349,
          -0.8557106738196338
        ],
        [
          -0.5101647571245064, 0.3608604673457969, -0.7807122669044377,
          -2.4491994912732946
        ],
        [
          0.8068690380077835, 0.5151213342150884, -0.289158030393175,
          -2.3427038861679303
        ],
        [0.0, 0.0, 0.0, 1.0]
      ]
    },
    {
      "file_path": "./images/frame_00002.png",
      "transform_matrix": [
        [
          0.31301429673156994, -0.7933926560541198, -0.5220633518654894,
          -0.799124004301563
        ],
        [
          -0.475211354909623, 0.34509486013052176, -0.8093724146994731,
          -2.5734373762642315
        ],
        [
          0.8223115092266441, 0.5014355699697467, -0.2690095741093879,
          -2.2333467429699416
        ],
        [0.0, 0.0, 0.0, 1.0]
      ]
    },
    {
      "file_path": "./images/frame_00006.png",
      "transform_matrix": [
        [
          0.24517090822125806, -0.7346175027441292, -0.6326360331374927,
          -1.0371536191395418
        ],
        [
          -0.5796175150652435, 0.4120145680766361, -0.703055852633498,
          -2.2649827817251205
        ],
        [
          0.7771323966941254, 0.5390557673883124, -0.3247831856082485,
          -2.692103714469401
        ],
        [0.0, 0.0, 0.0, 1.0]
      ]
    },
    {
      "file_path": "./images/frame_00007.png",
      "transform_matrix": [
        [
          0.22542612525215217, -0.7264640212233962, -0.649178779629875,
          -1.0233904721494573
        ],
        [
          -0.6036482167605839, 0.4188677113067002, -0.6783499619123255,
          -2.1586948844573866
        ],
        [
          0.7647168707800082, 0.5447934161612268, -0.3441049857991195,
          -2.820178046920295
        ],
        [0.0, 0.0, 0.0, 1.0]
      ]
    },
    {
      "file_path": "./images/frame_00009.png",
      "transform_matrix": [
        [
          0.1888689355855687, -0.7249790882543797, -0.6623698715707279,
          -1.0736734218307395
        ],
        [
          -0.6887755591852015, 0.38296930085829956, -0.6155670098934948,
          -1.9302716157386046
        ],
        [
          0.699940536217104, 0.5724856646187338, -0.4270168726949312,
          -3.050193463118677
        ],
        [0.0, 0.0, 0.0, 1.0]
      ]
    },
    {
      "file_path": "./images/frame_00008.png",
      "transform_matrix": [
        [
          0.2071224431133233, -0.7224827122803453, -0.6596355236149762,
          -1.0427612448503543
        ],
        [
          -0.6432571492413219, 0.4074396993835275, -0.6482384833656423,
          -2.046026887250784
        ],
        [
          0.7371027971108886, 0.5585800048536436, -0.380352263919919,
          -2.9416471813083462
        ],
        [0.0, 0.0, 0.0, 1.0]
      ]
    },
    {
      "file_path": "./images/frame_00011.png",
      "transform_matrix": [
        [
          0.15682974406350256, -0.7360560081237161, -0.6585028354395721,
          -1.1477585729052826
        ],
        [
          -0.7664334426845504, 0.32980896873799886, -0.55118583261427,
          -1.7496997745340583
        ],
        [
          0.6228837847557799, 0.5911409282438138, -0.5124140841578791,
          -3.2512730222839887
        ],
        [0.0, 0.0, 0.0, 1.0]
      ]
    },
    {
      "file_path": "./images/frame_00010.png",
      "transform_matrix": [
        [
          0.17136063962630738, -0.7307206556665972, -0.6608198351813004,
          -1.1106033967645823
        ],
        [
          -0.732592207260463, 0.3539727686042848, -0.5813879401465594,
          -1.8304057164391787
        ],
        [
          0.6587444034282984, 0.5837384709515, -0.47466325798728004,
          -3.1516056096410017
        ],
        [0.0, 0.0, 0.0, 1.0]
      ]
    },
    {
      "file_path": "./images/frame_00012.png",
      "transform_matrix": [
        [
          0.1497072547184985, -0.7385288577228788, -0.6573909523222771,
          -1.174562396429752
        ],
        [
          -0.7822463834022486, 0.3181765884612519, -0.5355877651788366,
          -1.674138376351552
        ],
        [
          0.6047134309230711, 0.5944230689212012, -0.5300781844176841,
          -3.352691469866975
        ],
        [0.0, 0.0, 0.0, 1.0]
      ]
    },
    {
      "file_path": "./images/frame_00013.png",
      "transform_matrix": [
        [
          0.1454323766882786, -0.7390827698734087, -0.657727970430822,
          -1.219405471993328
        ],
        [
          -0.7903894311140659, 0.3130738149801223, -0.5265637032278004,
          -1.6088227087805669
        ],
        [
          0.5950915652183127, 0.5964406472148273, -0.5386321410350262,
          -3.448433175927861
        ],
        [0.0, 0.0, 0.0, 1.0]
      ]
    },
    {
      "file_path": "./images/frame_00014.png",
      "transform_matrix": [
        [
          0.14321349346985365, -0.7393449115689426, -0.6579202056672774,
          -1.2544595029625665
        ],
        [
          -0.7950084881549208, 0.3099902393264339, -0.5214092013802281,
          -1.5471130841612688
        ],
        [
          0.5894500818981937, 0.5977249812911057, -0.543390695255964,
          -3.547521552050145
        ],
        [0.0, 0.0, 0.0, 1.0]
      ]
    },
    {
      "file_path": "./images/frame_00016.png",
      "transform_matrix": [
        [
          0.11094864320580805, -0.7371134567800307, -0.6665989426968693,
          -1.330684988481955
        ],
        [
          -0.8340834946804206, 0.2956335579851371, -0.46573117062823327,
          -1.396432999358562
        ],
        [
          0.5403657302905933, 0.6076714171547337, -0.5820140258624964,
          -3.680933595692091
        ],
        [0.0, 0.0, 0.0, 1.0]
      ]
    },
    {
      "file_path": "./images/frame_00015.png",
      "transform_matrix": [
        [
          0.13569391584518412, -0.7377587192940284, -0.6612860449973484,
          -1.2873574941452142
        ],
        [
          -0.8063869462471696, 0.3055420882019271, -0.5063438804403285,
          -1.4676142412601945
        ],
        [
          0.5756103318433088, 0.6019602183224743, -0.5534587983151001,
          -3.6243361799911087
        ],
        [0.0, 0.0, 0.0, 1.0]
      ]
    },
    {
      "file_path": "./images/frame_00017.png",
      "transform_matrix": [
        [
          0.09872379052900117, -0.7234049417420203, -0.6833292789327924,
          -1.3084437627104963
        ],
        [
          -0.8580812361769864, 0.2858576037170728, -0.42659350969993504,
          -1.2991085253511945
        ],
        [
          0.5039347232574487, 0.6284669606752267, -0.5925192604760471,
          -3.719351481242497
        ],
        [0.0, 0.0, 0.0, 1.0]
      ]
    },
    {
      "file_path": "./images/frame_00018.png",
      "transform_matrix": [
        [
          0.08842740255474323, -0.7005397758752352, -0.7081134209249931,
          -1.3259089778980804
        ],
        [
          -0.8718036333760769, 0.2894324086238229, -0.3952053968134572,
          -1.222890388450656
        ],
        [
          0.48180807310555845, 0.6522828399206032, -0.585139365822725,
          -3.7578960807434085
        ],
        [0.0, 0.0, 0.0, 1.0]
      ]
    },
    {
      "file_path": "./images/frame_00019.png",
      "transform_matrix": [
        [
          0.07000393101164869, -0.6857769272068536, -0.7244373373547517,
          -1.3564184112511009
        ],
        [
          -0.8790789006675668, 0.3008502756883037, -0.3697423400415118,
          -1.1564376445439182
        ],
        [
          0.4715079384740173, 0.6627209953887061, -0.581791325328063,
          -3.7894711624192183
        ],
        [0.0, 0.0, 0.0, 1.0]
      ]
    },
    {
      "file_path": "./images/frame_00020.png",
      "transform_matrix": [
        [
          0.0511794577440199, -0.6793882324893267, -0.7319920031394171,
          -1.3651993253174028
        ],
        [
          -0.892398483714477, 0.29792976572566754, -0.33891414983554463,
          -1.0773287673329934
        ],
        [
          0.4483364912307822, 0.6705739961030975, -0.5910371446712911,
          -3.8251708536302997
        ],
        [0.0, 0.0, 0.0, 1.0]
      ]
    },
    {
      "file_path": "./images/frame_00021.png",
      "transform_matrix": [
        [
          0.04899303927242794, -0.6799693124700052, -0.7316019520216706,
          -1.3808356092021512
        ],
        [
          -0.9026938009865492, 0.28335701548233827, -0.32380967162423896,
          -0.975943469986231
        ],
        [
          0.42748518543138536, 0.6762769668382993, -0.5999215618401151,
          -3.8820527749035874
        ],
        [0.0, 0.0, 0.0, 1.0]
      ]
    },
    {
      "file_path": "./images/frame_00022.png",
      "transform_matrix": [
        [
          0.05301169323412379, -0.6804395109561567, -0.7308842810665703,
          -1.3795854316782967
        ],
        [
          -0.9154394345906511, 0.2592932732022629, -0.30779480188659064,
          -0.8802961040515176
        ],
        [
          0.39894912204039257, 0.6853970166274456, -0.6091555857261731,
          -3.914360425400385
        ],
        [0.0, 0.0, 0.0, 1.0]
      ]
    },
    {
      "file_path": "./images/frame_00023.png",
      "transform_matrix": [
        [
          0.05325496089961973, -0.6764693218122924, -0.7345428277414444,
          -1.3656575123570698
        ],
        [
          -0.9266670695994491, 0.24061601579009556, -0.2887768603355699,
          -0.8108912061718925
        ],
        [
          0.3720914555046228, 0.6960554500843433, -0.6140478476049996,
          -3.9374850905104464
        ],
        [0.0, 0.0, 0.0, 1.0]
      ]
    },
    {
      "file_path": "./images/frame_00024.png",
      "transform_matrix": [
        [
          0.04857810306013655, -0.6722198624767557, -0.7387561332366793,
          -1.3648613870597668
        ],
        [
          -0.9382923333473938, 0.2228465741344423, -0.26447476548443205,
          -0.7520498927701658
        ],
        [
          0.3424144638951187, 0.7060168984438505, -0.6199132794408778,
          -3.9818233859390975
        ],
        [0.0, 0.0, 0.0, 1.0]
      ]
    },
    {
      "file_path": "./images/frame_00025.png",
      "transform_matrix": [
        [
          0.0436529593012598, -0.669714160150016, -0.7413348520330078,
          -1.3922361046954128
        ],
        [
          -0.9508219728731788, 0.19991130193502213, -0.23658623641328125,
          -0.6796950676746042
        ],
        [
          0.30664636806229933, 0.7152051559190575, -0.6280522190877106,
          -4.020689485988631
        ],
        [0.0, 0.0, 0.0, 1.0]
      ]
    },
    {
      "file_path": "./images/frame_00026.png",
      "transform_matrix": [
        [
          0.03495575412526717, -0.6717683475036119, -0.739936066525886,
          -1.4321883084146079
        ],
        [
          -0.9625139567833315, 0.17663468040815797, -0.20583263267617044,
          -0.5756206611590934
        ],
        [
          0.26897021814845834, 0.7193938260573093, -0.6404120117391591,
          -4.040113455458985
        ],
        [0.0, 0.0, 0.0, 1.0]
      ]
    },
    {
      "file_path": "./images/frame_00027.png",
      "transform_matrix": [
        [
          0.027822728978523305, -0.6780065620918638, -0.7345290991598352,
          -1.4614387205982466
        ],
        [
          -0.9696844100112892, 0.1601546476262614, -0.18456065080283418,
          -0.44816347208897245
        ],
        [
          0.24277158139544522, 0.7173963971223157, -0.6529964537902749,
          -4.099198639165383
        ],
        [0.0, 0.0, 0.0, 1.0]
      ]
    },
    {
      "file_path": "./images/frame_00029.png",
      "transform_matrix": [
        [
          0.013285233340476267, -0.6889320957707052, -0.7247041258279636,
          -1.4417839560750216
        ],
        [
          -0.9783060250497755, 0.14089507367230492, -0.15187461791287912,
          -0.19354395783968442
        ],
        [
          0.20673854001224917, 0.7110001024133958, -0.6721145962123897,
          -4.197861809259101
        ],
        [0.0, 0.0, 0.0, 1.0]
      ]
    },
    {
      "file_path": "./images/frame_00028.png",
      "transform_matrix": [
        [
          0.02012068102665367, -0.6882117760480969, -0.725230797404349,
          -1.456629552606274
        ],
        [
          -0.9745029986900615, 0.14863363573363028, -0.16808315761158105,
          -0.31867834633307507
        ],
        [
          0.2234704985878466, 0.710121534413178, -0.667673829518255,
          -4.165195769391042
        ],
        [0.0, 0.0, 0.0, 1.0]
      ]
    },
    {
      "file_path": "./images/frame_00030.png",
      "transform_matrix": [
        [
          0.0008861911097488368, -0.6989330705772326, -0.7151865333734955,
          -1.4420413508064103
        ],
        [
          -0.9847002675671894, 0.124014589547354, -0.12241635769988794,
          -0.07406402964600169
        ],
        [
          0.1742544051621726, 0.7043528550612131, -0.6881296809822223,
          -4.204109980766959
        ],
        [0.0, 0.0, 0.0, 1.0]
      ]
    },
    {
      "file_path": "./images/frame_00031.png",
      "transform_matrix": [
        [
          -0.020950859651543554, -0.714577464252507, -0.6992425252101867,
          -1.4531647207915346
        ],
        [
          -0.9891759588978053, 0.11641161069205917, -0.08932669945031943,
          0.06412951394972646
        ],
        [
          0.14523079500735567, 0.6898024242335901, -0.7092817717261553,
          -4.200430905314914
        ],
        [0.0, 0.0, 0.0, 1.0]
      ]
    },
    {
      "file_path": "./images/frame_00033.png",
      "transform_matrix": [
        [
          -0.066028293184146, -0.7226316580685146, -0.6880724898267172,
          -1.4273398584974166
        ],
        [
          -0.9927081535472826, 0.11726980468432953, -0.02789829367619387,
          0.35810065001933034
        ],
        [
          0.10085031670714978, 0.681213094168373, -0.7251054640213506,
          -4.156095523442384
        ],
        [0.0, 0.0, 0.0, 1.0]
      ]
    },
    {
      "file_path": "./images/frame_00032.png",
      "transform_matrix": [
        [
          -0.04102661561267455, -0.7212726813841983, -0.6914351277598053,
          -1.452144167918283
        ],
        [
          -0.9908446914059882, 0.11845359470762848, -0.06477301454628116,
          0.21111178843709846
        ],
        [
          0.12862198227341123, 0.68244740822256, -0.7195289575037052,
          -4.18886898803198
        ],
        [0.0, 0.0, 0.0, 1.0]
      ]
    },
    {
      "file_path": "./images/frame_00035.png",
      "transform_matrix": [
        [
          -0.09799716351228441, -0.7080284556225928, -0.6993513151286932,
          -1.2991097645739589
        ],
        [
          -0.9936700131451025, 0.10839655051841444, 0.029497335674944676,
          0.6880600976369569
        ],
        [
          0.054922317137554695, 0.6978150857242875, -0.7141691992909291,
          -4.080138953215879
        ],
        [0.0, 0.0, 0.0, 1.0]
      ]
    },
    {
      "file_path": "./images/frame_00034.png",
      "transform_matrix": [
        [
          -0.08188648758734421, -0.717481995955883, -0.6917471999435704,
          -1.3825491427059413
        ],
        [
          -0.9937214706263252, 0.11187080737664708, 0.0016003978100922547,
          0.5165791612186704
        ],
        [
          0.07623806114311371, 0.6875350957849784, -0.7221379716488253,
          -4.104656463043961
        ],
        [0.0, 0.0, 0.0, 1.0]
      ]
    },
    {
      "file_path": "./images/frame_00037.png",
      "transform_matrix": [
        [
          -0.1345140683211396, -0.6906383239577923, -0.7105805168342763,
          -1.1619689835362557
        ],
        [
          -0.9909078382100176, 0.09175439408477883, 0.09840115517657519,
          0.9828567228773193
        ],
        [
          -0.0027607241160825143, 0.7173561435207108, -0.6967011854126905,
          -4.025198747476798
        ],
        [0.0, 0.0, 0.0, 1.0]
      ]
    },
    {
      "file_path": "./images/frame_00036.png",
      "transform_matrix": [
        [
          -0.11590502766152888, -0.6987921707968386, -0.7058721744025769,
          -1.2149446258622827
        ],
        [
          -0.9928679953481622, 0.10148261951794699, 0.06256533983841718,
          0.8502494459149166
        ],
        [
          0.02791358766087317, 0.7080895282157599, -0.7055707276064398,
          -4.051149666638117
        ],
        [0.0, 0.0, 0.0, 1.0]
      ]
    },
    {
      "file_path": "./images/frame_00039.png",
      "transform_matrix": [
        [
          -0.170080391884924, -0.6769078342509413, -0.7161483395400499,
          -1.1458038637841335
        ],
        [
          -0.9829772580326307, 0.06529513205642931, 0.17173309500612655,
          1.170701147297944
        ],
        [
          -0.0694864770075481, 0.7331659632439529, -0.676490428501132,
          -3.962139223191478
        ],
        [0.0, 0.0, 0.0, 1.0]
      ]
    },
    {
      "file_path": "./images/frame_00038.png",
      "transform_matrix": [
        [
          -0.15234185069148418, -0.683459972445785, -0.7139148594841686,
          -1.1450566118539347
        ],
        [
          -0.9876650754703686, 0.07882869182229585, 0.13529130068742964,
          1.0883956719262817
        ],
        [
          -0.03618921419434992, 0.72571930070103, -0.6870384540664397,
          -3.999033562508898
        ],
        [0.0, 0.0, 0.0, 1.0]
      ]
    },
    {
      "file_path": "./images/frame_00041.png",
      "transform_matrix": [
        [
          -0.20313409849201391, -0.6679000435059012, -0.7159930655492774,
          -1.1305913232527065
        ],
        [
          -0.9714919956921075, 0.046196883969844026, 0.23252774074858626,
          1.3654459258504876
        ],
        [
          -0.12222863958991671, 0.7428158451435268, -0.6582437085667476,
          -3.8844351352823843
        ],
        [0.0, 0.0, 0.0, 1.0]
      ]
    },
    {
      "file_path": "./images/frame_00040.png",
      "transform_matrix": [
        [
          -0.18905523561493928, -0.6709815891597781, -0.7169671016826356,
          -1.1480830274752432
        ],
        [
          -0.9767830703743317, 0.053579554305315906, 0.20742243077964573,
          1.2608370634854433
        ],
        [
          -0.100761854472181, 0.7395356234618199, -0.6655329520874713,
          -3.9219166878684355
        ],
        [0.0, 0.0, 0.0, 1.0]
      ]
    },
    {
      "file_path": "./images/frame_00043.png",
      "transform_matrix": [
        [
          -0.2317619880045902, -0.6608048497367522, -0.713879073429491,
          -1.0932237311014863
        ],
        [
          -0.9612363712176945, 0.04288511672171162, 0.272370162484812,
          1.5530834807036966
        ],
        [
          -0.14936873690433988, 0.7493315803622274, -0.6451287957512422,
          -3.7577783132780964
        ],
        [0.0, 0.0, 0.0, 1.0]
      ]
    },
    {
      "file_path": "./images/frame_00042.png",
      "transform_matrix": [
        [
          -0.2146449234529767, -0.6625559442486639, -0.717598200650355,
          -1.1107298593033132
        ],
        [
          -0.9677803480604334, 0.045253395718022234, 0.24769603970191667,
          1.4612558602414591
        ],
        [
          -0.13163872813078667, 0.7476441338743649, -0.6509220339943631,
          -3.8246861314914815
        ],
        [0.0, 0.0, 0.0, 1.0]
      ]
    },
    {
      "file_path": "./images/frame_00044.png",
      "transform_matrix": [
        [
          -0.2460282966805746, -0.6623859944770777, -0.7076120911580497,
          -1.0625889478565906
        ],
        [
          -0.9537945899427112, 0.0355453872889703, 0.2983494689763871,
          1.6087948620040509
        ],
        [
          -0.1724701638790612, 0.7483189959924106, -0.6405253490756158,
          -3.714037092562057
        ],
        [0.0, 0.0, 0.0, 1.0]
      ]
    },
    {
      "file_path": "./images/frame_00045.png",
      "transform_matrix": [
        [
          -0.2590230412217863, -0.66684719660677, -0.6987287603168404,
          -1.009024286552127
        ],
        [
          -0.9422932600496665, 0.015600810151514953, 0.3344249195074849,
          1.6767318453317797
        ],
        [
          -0.21210958531190455, 0.7450311611605972, -0.6324065881365432,
          -3.7083756713502
        ],
        [0.0, 0.0, 0.0, 1.0]
      ]
    },
    {
      "file_path": "./images/frame_00046.png",
      "transform_matrix": [
        [
          -0.2758781899880697, -0.6721626862683506, -0.6870870013887773,
          -0.9672395560646402
        ],
        [
          -0.9255596133365804, -0.007060052402906799, 0.37853607201996897,
          1.7632335084223147
        ],
        [
          -0.259288693253573, 0.7403698257280501, -0.6201789215236767,
          -3.72196688441982
        ],
        [0.0, 0.0, 0.0, 1.0]
      ]
    },
    {
      "file_path": "./images/frame_00048.png",
      "transform_matrix": [
        [
          -0.3057774963368541, -0.6825087022428085, -0.6638388314167848,
          -0.9644196818399758
        ],
        [
          -0.8825393353404097, -0.0584349295932043, 0.46659369967922265,
          2.0191192775161704
        ],
        [
          -0.35724563581781177, 0.7285377343461864, -0.5844726899717833,
          -3.730190671666714
        ],
        [0.0, 0.0, 0.0, 1.0]
      ]
    },
    {
      "file_path": "./images/frame_00047.png",
      "transform_matrix": [
        [
          -0.2910887123167913, -0.6760655853278917, -0.6769067039829104,
          -0.9655269278866124
        ],
        [
          -0.9055978116106123, -0.03342746080105135, 0.4228181742433312,
          1.874003517577941
        ],
        [
          -0.30848008877044575, 0.7360828276761043, -0.6025131580575883,
          -3.74039537892959
        ],
        [0.0, 0.0, 0.0, 1.0]
      ]
    },
    {
      "file_path": "./images/frame_00050.png",
      "transform_matrix": [
        [
          -0.3201531880108254, -0.6992743848984818, -0.6391535580995815,
          -0.9590986781212983
        ],
        [
          -0.8351105812716608, -0.11024350517576903, 0.5389217815366797,
          2.2950036718951456
        ],
        [
          -0.44731672588291804, 0.7063014258738336, -0.5486766284014439,
          -3.6292245038163533
        ],
        [0.0, 0.0, 0.0, 1.0]
      ]
    },
    {
      "file_path": "./images/frame_00049.png",
      "transform_matrix": [
        [
          -0.3165303460324219, -0.6896794658044431, -0.6512685885932878,
          -0.9644893148511998
        ],
        [
          -0.8585032764062354, -0.08373589412951601, 0.505925315075347,
          2.1709398836908287
        ],
        [
          -0.4034608586224367, 0.719256932175164, -0.5655871295190665,
          -3.6882529359216565
        ],
        [0.0, 0.0, 0.0, 1.0]
      ]
    },
    {
      "file_path": "./images/frame_00052.png",
      "transform_matrix": [
        [
          -0.3082618410890276, -0.724889557554595, -0.6160436402372046,
          -0.9450521198459234
        ],
        [
          -0.7951269162795733, -0.15918093301665082, 0.5851791328915316,
          2.488503936503869
        ],
        [
          -0.5222526441638562, 0.6702212768274756, -0.5273097910636674,
          -3.4602105918481483
        ],
        [0.0, 0.0, 0.0, 1.0]
      ]
    },
    {
      "file_path": "./images/frame_00051.png",
      "transform_matrix": [
        [
          -0.31641338747083503, -0.7118564697188504, -0.6270111121412812,
          -0.9552894950789838
        ],
        [
          -0.8141279572345064, -0.1354855116193375, 0.5646586095955817,
          2.3997355726466454
        ],
        [
          -0.4869068057425367, 0.6891328193176275, -0.5366728238516811,
          -3.548649496537679
        ],
        [0.0, 0.0, 0.0, 1.0]
      ]
    },
    {
      "file_path": "./images/frame_00053.png",
      "transform_matrix": [
        [
          -0.3001987180904064, -0.7338676953540905, -0.6093594467738666,
          -0.928068273080733
        ],
        [
          -0.7802355524284215, -0.17858153798294016, 0.5994506793876904,
          2.562824641553435
        ],
        [
          -0.5487378357499987, 0.6553982300916927, -0.5189797179168791,
          -3.378411215432042
        ],
        [0.0, 0.0, 0.0, 1.0]
      ]
    },
    {
      "file_path": "./images/frame_00054.png",
      "transform_matrix": [
        [
          -0.2912067875163378, -0.7397794962629536, -0.6065681361671953,
          -0.9052048473569855
        ],
        [
          -0.7700052474054591, -0.19500825349714307, 0.60750613168597,
          2.6624707028984798
        ],
        [
          -0.5677063729362846, 0.6439705567624382, -0.5128463670053669,
          -3.320169954823129
        ],
        [0.0, 0.0, 0.0, 1.0]
      ]
    },
    {
      "file_path": "./images/frame_00055.png",
      "transform_matrix": [
        [
          -0.2822197762391911, -0.7438078901325182, -0.605889280707385,
          -0.8767046520064528
        ],
        [
          -0.7620419250059338, -0.2098549156342812, 0.6125789899411986,
          2.778148535829691
        ],
        [
          -0.5827899299342357, 0.6345949392807512, -0.5075875890981851,
          -3.251298044394255
        ],
        [0.0, 0.0, 0.0, 1.0]
      ]
    },
    {
      "file_path": "./images/frame_00056.png",
      "transform_matrix": [
        [
          -0.2738198332603338, -0.7477017836069619, -0.6049501977057705,
          -0.8385561958594807
        ],
        [
          -0.754298418173616, -0.22328636135718102, 0.6173954139549881,
          2.8926858224083265
        ],
        [
          -0.596704780652932, 0.6253680865081284, -0.5028500384041928,
          -3.1604272307590993
        ],
        [0.0, 0.0, 0.0, 1.0]
      ]
    },
    {
      "file_path": "./images/frame_00057.png",
      "transform_matrix": [
        [
          -0.267391676014334, -0.7510272822167348, -0.6037049883547349,
          -0.8037343768173432
        ],
        [
          -0.7460695131422611, -0.23513971173961573, 0.6229683760213507,
          3.011717160547746
        ],
        [
          -0.6098212632877883, 0.6169824449116488, -0.4974441571804114,
          -3.070608605503443
        ],
        [0.0, 0.0, 0.0, 1.0]
      ]
    },
    {
      "file_path": "./images/frame_00058.png",
      "transform_matrix": [
        [
          -0.2713772174431489, -0.7522410595583727, -0.6004063575340541,
          -0.7585261368662989
        ],
        [
          -0.7352729024998245, -0.24050738334035812, 0.6336639151855318,
          3.1070657991492787
        ],
        [
          -0.6210701769545021, 0.6134244752805926, -0.48783424277558884,
          -2.988214598907799
        ],
        [0.0, 0.0, 0.0, 1.0]
      ]
    },
    {
      "file_path": "./images/frame_00060.png",
      "transform_matrix": [
        [
          -0.3054762896360636, -0.7512567674317236, -0.5850619675369617,
          -0.6884255782005788
        ],
        [
          -0.6975259864157755, -0.24170645789308923, 0.6745631819833302,
          3.2580001577518107
        ],
        [
          -0.6481834113465748, 0.6141589839779381, -0.45018552581608345,
          -2.8542174022431985
        ],
        [0.0, 0.0, 0.0, 1.0]
      ]
    },
    {
      "file_path": "./images/frame_00059.png",
      "transform_matrix": [
        [
          -0.2864187759126055, -0.7517455351970865, -0.5940058376110211,
          -0.7157324298526901
        ],
        [
          -0.7180335669022088, -0.24205868395332247, 0.652560641108914,
          3.182895831533735
        ],
        [
          -0.6343438197116891, 0.6134217503757357, -0.4704483760834472,
          -2.924220600583546
        ],
        [0.0, 0.0, 0.0, 1.0]
      ]
    },
    {
      "file_path": "./images/frame_00062.png",
      "transform_matrix": [
        [
          -0.33716956548225757, -0.7534326905884664, -0.5644961158990645,
          -0.6449134435286142
        ],
        [
          -0.6550084041924941, -0.24295129107452287, 0.715498889309008,
          3.3987197911074665
        ],
        [
          -0.6762253134493763, 0.6109941496592637, -0.41158896308385806,
          -2.7175342001074942
        ],
        [0.0, 0.0, 0.0, 1.0]
      ]
    },
    {
      "file_path": "./images/frame_00061.png",
      "transform_matrix": [
        [
          -0.32316447519271385, -0.751009287219231, -0.5758035884604057,
          -0.6692967648891315
        ],
        [
          -0.6761875505360523, -0.24242938551561924, 0.6956999277983088,
          3.3314350041511647
        ],
        [
          -0.6620688170224229, 0.6141767201294605, -0.42947856521315114,
          -2.776776937229631
        ],
        [0.0, 0.0, 0.0, 1.0]
      ]
    },
    {
      "file_path": "./images/frame_00064.png",
      "transform_matrix": [
        [
          -0.35167148840022555, -0.764538972484422, -0.5401919323711102,
          -0.5715499317488504
        ],
        [
          -0.6134779543651482, -0.2476460526228397, 0.7498774780777715,
          3.57001634238327
        ],
        [
          -0.7070869562891984, 0.5951063704690025, -0.38193774894986104,
          -2.5647138439242316
        ],
        [0.0, 0.0, 0.0, 1.0]
      ]
    },
    {
      "file_path": "./images/frame_00063.png",
      "transform_matrix": [
        [
          -0.3460627689732584, -0.7591909649904794, -0.551243719789519,
          -0.6099857741691046
        ],
        [
          -0.6349111081418274, -0.2430699247627711, 0.7333518230930755,
          3.471780321708019
        ],
        [
          -0.6907448477467478, 0.6037765235189635, -0.39790132565584235,
          -2.6527706488370897
        ],
        [0.0, 0.0, 0.0, 1.0]
      ]
    },
    {
      "file_path": "./images/frame_00066.png",
      "transform_matrix": [
        [
          -0.35809125638245365, -0.7759546999929781, -0.5192927456273997,
          -0.4647848046930514
        ],
        [
          -0.5576858893386578, -0.26831100563727894, 0.7854907084660276,
          3.799326253957504
        ],
        [
          -0.7488371658344595, 0.5708795913436735, -0.3366591618422025,
          -2.4058356838019908
        ],
        [0.0, 0.0, 0.0, 1.0]
      ]
    },
    {
      "file_path": "./images/frame_00065.png",
      "transform_matrix": [
        [
          -0.35489570154881217, -0.7702256723101423, -0.5299070246152298,
          -0.5125391822335643
        ],
        [
          -0.5873079793895116, -0.257327251629621, 0.7673669415046195,
          3.6760816288487024
        ],
        [
          -0.72740523669244, 0.5835538529417273, -0.3610353477836756,
          -2.49181032832501
        ],
        [0.0, 0.0, 0.0, 1.0]
      ]
    },
    {
      "file_path": "./images/frame_00068.png",
      "transform_matrix": [
        [
          -0.3630089178883132, -0.7875604286089054, -0.49796897174714944,
          -0.3750127053559605
        ],
        [
          -0.49422871188635087, -0.2903124437574046, 0.8194245940577828,
          3.9546765381132674
        ],
        [
          -0.7899129736121028, 0.5435689986459504, -0.2838489701061544,
          -2.1826641780809988
        ],
        [0.0, 0.0, 0.0, 1.0]
      ]
    },
    {
      "file_path": "./images/frame_00067.png",
      "transform_matrix": [
        [
          -0.3605734857108899, -0.7817298571521564, -0.5088076177094522,
          -0.4162754394255955
        ],
        [
          -0.5261870162516792, -0.27993031376707284, 0.8029733764966447,
          3.8924369128074865
        ],
        [
          -0.7701389389781904, 0.5572588715050998, -0.31040065205860784,
          -2.2934110362874165
        ],
        [0.0, 0.0, 0.0, 1.0]
      ]
    },
    {
      "file_path": "./images/frame_00070.png",
      "transform_matrix": [
        [
          -0.3712044528008427, -0.7987966430915137, -0.4734249435829886,
          -0.2910149955433407
        ],
        [
          -0.42558092388039576, -0.306789944491702, 0.8513288478536876,
          4.031846407740221
        ],
        [
          -0.8252806379953039, 0.5174976839991724, -0.22607081988960206,
          -1.967319987450822
        ],
        [0.0, 0.0, 0.0, 1.0]
      ]
    },
    {
      "file_path": "./images/frame_00069.png",
      "transform_matrix": [
        [
          -0.3656619228409669, -0.7929677652730293, -0.48733302927479133,
          -0.337443217477259
        ],
        [
          -0.4617626164905014, -0.30005421640873536, 0.8347111795268981,
          4.0004226883338285
        ],
        [
          -0.8081253889070014, 0.530254269622827, -0.25644446835654194,
          -2.087564752148102
        ],
        [0.0, 0.0, 0.0, 1.0]
      ]
    },
    {
      "file_path": "./images/frame_00071.png",
      "transform_matrix": [
        [
          -0.38014781730052727, -0.8053052884315148, -0.4549406878109276,
          -0.2381224295267844
        ],
        [
          -0.3791559141503134, -0.3129598033787194, 0.8708024771634457,
          4.082867748685019
        ],
        [
          -0.8436399882452734, 0.5035271133647007, -0.1863652766481103,
          -1.8161725800143025
        ],
        [0.0, 0.0, 0.0, 1.0]
      ]
    },
    {
      "file_path": "./images/frame_00072.png",
      "transform_matrix": [
        [
          -0.3915881819991782, -0.812712173570655, -0.43145986910562156,
          -0.19519631498180748
        ],
        [
          -0.32217336146546555, -0.3181233823231456, 0.891628756143118,
          4.122752822236655
        ],
        [
          -0.861895017319755, 0.4881561600034802, -0.13726085592781276,
          -1.6487534626490452
        ],
        [0.0, 0.0, 0.0, 1.0]
      ]
    },
    {
      "file_path": "./images/frame_00073.png",
      "transform_matrix": [
        [
          -0.4025660486636816, -0.8212991438514942, -0.40423791604958725,
          -0.1670238424286921
        ],
        [
          -0.25773940826620695, -0.32203900137975117, 0.9109672217027998,
          4.144588326953431
        ],
        [
          -0.8783569740657243, 0.47091251618441343, -0.08203918704478216,
          -1.4888415388391676
        ],
        [0.0, 0.0, 0.0, 1.0]
      ]
    },
    {
      "file_path": "./images/frame_00074.png",
      "transform_matrix": [
        [
          -0.4123432061158351, -0.8301255415854465, -0.3753194180662425,
          -0.14113918168351186
        ],
        [
          -0.18808578617794988, -0.3255276670427782, 0.9266366467108392,
          4.149663338515558
        ],
        [
          -0.8914016027627146, 0.45268457362401365, -0.02190569320766789,
          -1.3519301229737866
        ],
        [0.0, 0.0, 0.0, 1.0]
      ]
    },
    {
      "file_path": "./images/frame_00075.png",
      "transform_matrix": [
        [
          -0.42030203994015225, -0.8387024940345166, -0.3463009121016405,
          -0.12036742962211798
        ],
        [
          -0.11615982186501052, -0.3287745156075225, 0.9372375438869955,
          4.14540110169676
        ],
        [
          -0.8999183801914679, 0.43414910386561956, 0.04076106728538766,
          -1.2510902984955243
        ],
        [0.0, 0.0, 0.0, 1.0]
      ]
    },
    {
      "file_path": "./images/frame_00076.png",
      "transform_matrix": [
        [
          -0.4249801354758766, -0.8476666194736034, -0.3175739074311656,
          -0.10120494706073231
        ],
        [
          -0.045469040211503844, -0.33039871645277685, 0.9427455937571929,
          4.126665022880037
        ],
        [
          -0.9040599818779448, 0.4150879309213297, 0.10187030367236201,
          -1.1723593756931117
        ],
        [0.0, 0.0, 0.0, 1.0]
      ]
    },
    {
      "file_path": "./images/frame_00078.png",
      "transform_matrix": [
        [
          -0.4279923349243937, -0.8567648351606892, -0.28770919081260227,
          -0.052638650511991014
        ],
        [
          0.04002143669300267, -0.33599321092563605, 0.9410137335963319,
          4.07007517935933
        ],
        [
          -0.9028958111825491, 0.3912321298717141, 0.1780914784739818,
          -1.0205877087955102
        ],
        [0.0, 0.0, 0.0, 1.0]
      ]
    },
    {
      "file_path": "./images/frame_00077.png",
      "transform_matrix": [
        [
          -0.4268967997174198, -0.8544480937976748, -0.29610399760311346,
          -0.08257032320724013
        ],
        [
          0.009605475057413515, -0.33170592569676527, 0.9433339354155416,
          4.085528422801544
        ],
        [
          -0.904249333557922, 0.39986201853035686, 0.14981157798008146,
          -1.102206043666511
        ],
        [0.0, 0.0, 0.0, 1.0]
      ]
    },
    {
      "file_path": "./images/frame_00079.png",
      "transform_matrix": [
        [
          -0.4268773330473001, -0.858489049045793, -0.2842046713178277,
          -0.0007168730316538238
        ],
        [
          0.05672867827366673, -0.33908089684451653, 0.9390452611330514,
          4.071717031516051
        ],
        [
          -0.9025284480789219, 0.38473458132012034, 0.1934468979970588,
          -0.927076012160075
        ],
        [0.0, 0.0, 0.0, 1.0]
      ]
    },
    {
      "file_path": "./images/frame_00080.png",
      "transform_matrix": [
        [
          -0.42521370328078467, -0.8599040556820577, -0.28241515816929713,
          0.034271169272224844
        ],
        [
          0.06901906492084524, -0.3419266658533678, 0.9371886276816697,
          4.105898279810921
        ],
        [
          -0.9024575753018491, 0.3790134169128419, 0.20474167768278,
          -0.8141834786608164
        ],
        [0.0, 0.0, 0.0, 1.0]
      ]
    },
    {
      "file_path": "./images/frame_00081.png",
      "transform_matrix": [
        [
          -0.4216546285610133, -0.86378878198911, -0.2758193508854,
          0.08287451436015159
        ],
