{
    "fl_x": 3196.660118641151, 
    "fl_y": 3239.7694138253764, 
    "cx": 1532.2245660401238,
    "cy": 2080.088726369953,
    "w": 3024,
    "h": 4032,
    "camera_model": "OPENCV",
    "k1": 0.03862693506403954,
    "k2": -0.049652331309632064,
    "p1": -0.0025957675089063664,
    "p2": -0.003575622047012584,
    "frames": [
        {
            "file_path": "images/frame_00008.png",
            "transform_matrix": [
                [
                    -0.0027259873556656797,
                    -0.9441922058030838,
                    0.3293837389636039,
                    5.252878451821241
                ], 
                [
                    0.9998162146737924,
                    -0.008823984456395139,
                    -0.017019817087221258,
                    -1.187118033492363
                ],
                [
                    0.01897645563075261,
                    0.3292768072595154,
                    0.9440427312005922,
                    1.3415584527129323
                ],
                [
                    0.0,
                    0.0,
                    0.0,
                    1.0
                ]
            ]
        },
        {
            "file_path": "images/frame_00006.png",
            "transform_matrix": [
                [
                    0.04437224591333647,
                    -0.9989498471005119,
                    -0.011415199099008611,
                    0.2289549328287337
                ],
                [
                    0.9899990720217383,
                    0.042437251001113376,
                    0.13453964889045086,
                    2.5631954958984626
                ],
                [
                    -0.13391393201868018,
                    -0.01727086290062294,
                    0.9908424577630716,
                    0.009090885810804247
                ],
                [
                    0.0,
                    0.0,
                    0.0,
                    1.0
                ]
            ]
        },
        {
            "file_path": "images/frame_00007.png",
            "transform_matrix": [
                [
                    0.1370026423000066,
                    -0.9902313534068496,
                    -0.02592571566716919,
                    0.6949212426530801
                ],
                [
                    0.9543291320801177,
                    0.12493023203808623,
                    0.2713822853211297,
                    6.023699947878788
                ],
                [
                    -0.2654923420101332,
                    -0.06192175589361456,
                    0.96212239994765,
                    0.28582683614417537
                ],
                [
                    0.0,
                    0.0,
                    0.0,
                    1.0
                ]
            ]
        },
        {
            "file_path": "images/frame_00005.png",
            "transform_matrix": [
                [
                    -0.001103879249207894,
                    -0.9996329674384825,
                    0.02706865088505281,
                    0.020258799558666645
                ],
                [
                    0.9977803136720143,
                    -0.0029033262599955124,
                    -0.06652831235800959,
                    -1.961790642101755
                ],
                [
                    0.06658248342604861,
                    0.026935127747269406,
                    0.9974173007292677,
                    0.3245424041720181
                ],
                [
                    0.0,
                    0.0,
                    0.0,
                    1.0
                ]
            ]
        },
        {
            "file_path": "images/frame_00009.png",
            "transform_matrix": [
                [
                    0.0342291318394453,
                    -0.9945949481817105,
                    -0.09802681054149644,
                    -3.7518492841827213
                ],
                [
                    0.9982394509923529,
                    0.02927012982104247,
                    0.05158738201096901,
                    0.5295846471771058
                ],
                [
                    -0.048439292067537505,
                    -0.09962002083758006,
                    0.9938458061652803,
                    0.9270270155733603
                ],
                [
                    0.0,
                    0.0,
                    0.0,
                    1.0
                ]
            ]
        },
        {
            "file_path": "images/frame_00001.png",
            "transform_matrix": [
                [
                    0.07657160851737646,
                    -0.9955072171033607,
                    -0.05569712258442297,
                    -0.16078136403183857
                ],
                [
                    0.9393985370332631,
                    0.0533085382322761,
                    0.33865703650050305,
                    5.57576807133392
                ],
                [
                    -0.3341663917703674,
                    -0.07825330949334063,
                    0.9392599438731074,
                    -0.8885283253689824
                ],
                [
                    0.0,
                    0.0,
                    0.0,
                    1.0
                ]
            ]
        },
        {
            "file_path": "images/frame_00004.png",
            "transform_matrix": [
                [
                    0.0038192675353794785,
                    -0.9991945514708168,
                    -0.0399457320189117,
                    0.10567472652476036
                ],
                [
                    0.9399351641227641,
                    0.017221966542371608,
                    -0.34091830563043396,
                    -7.043683630699317
                ],
                [
                    0.34133165754293243,
                    -0.03624433996428883,
                    0.9392438700250044,
                    0.8318027155355522
                ],
                [
                    0.0,
                    0.0,
                    0.0,
                    1.0
                ]
            ]
        },
        {
            "file_path": "images/frame_00003.png",
            "transform_matrix": [
                [
                    0.03622686345961765,
                    -0.9984598102801313,
                    0.042019300556321096,
                    0.6679835547894712
                ],
                [
                    0.9972909834605924,
                    0.03881401115830277,
                    0.0624833325456252,
                    0.320958061174314
                ],
                [
                    -0.06401803395983241,
                    0.03964189441950745,
                    0.9971610760227007,
                    -0.6375599966040129
                ],
                [
                    0.0,
                    0.0,
                    0.0,
                    1.0
                ]
            ]
        },
        {
            "file_path": "images/frame_00002.png",
            "transform_matrix": [
                [
                    0.043022112088634074,
                    -0.999055257681184,
                    0.006139215830741538,
                    0.5922326953057844
                ],
                [
                    0.9977293770448831,
                    0.04328211032102593,
                    0.0516018324072701,
                    0.31950465006587064
                ],
                [
                    -0.05181880018933724,
                    0.0039052561685453554,
                    0.9986488676813265,
                    -0.8021958668336182
                ],
                [
                    0.0,
                    0.0,
                    0.0,
                    1.0
                ]
            ]
        }
    ]
}